1 0.002850000000000019 0.0018979999999999553 0.0007900000000000684 0.002552443543857752 
2 0.0027400000000001867 0.002767000000000075 0.0011300000000000754 0.002397180998534143 
3 0.0031599999999998296 0.004258999999999902 0.0006099999999999994 0.0023466169145205384 
4 0.0030399999999999316 0.003982999999999959 0.0007200000000000539 0.0023207181071582816 
5 0.004240000000000244 0.004400999999999988 0.00019999999999997797 0.0030674426267425225 
6 0.0039599999999997415 0.005855999999999972 0.00031999999999987594 0.0024991826626887814 
7 0.005440000000000111 0.006204999999999905 0.000700000000000145 0.0036903523533635685 
8 0.006919999999999593 0.002778000000000058 0.0012700000000001044 0.0055214207237623825 
9 0.00627000000000022 0.0045840000000000325 0.0005399999999999849 0.004814435302016307 
10 0.006679999999999797 0.006471999999999922 0.0007600000000000939 0.004775390462932627 
11 0.006899999999999906 0.005912999999999946 0.0008900000000000574 0.005042641873344245 
12 0.006619999999999848 0.005360999999999949 0.0006500000000000394 0.004961082497198177 
13 0.006019999999999914 0.005393000000000092 0.0008500000000000174 0.004333667174981848 
14 0.007289999999999797 0.004701999999999984 0.00043999999999999595 0.0057729142709126435 
15 0.00627000000000022 0.004514000000000018 0.0007399999999999629 0.0047636626779663516 
16 0.006880000000000219 0.003970999999999947 0.00041000000000002146 0.005535985542611144 
17 0.006279999999999841 0.006667999999999896 0.0018199999999999328 0.004028731929120344 
18 0.009170000000000122 0.0046559999999999935 0.0014300000000000423 0.007213952574898208 
19 0.009700000000000042 0.003101999999999938 0.0010399999999999299 0.008119484042039105 
20 0.008599999999999941 0.004289000000000098 0.00021999999999988695 0.007136786974603293 
21 0.007699999999999818 0.006867999999999985 0.0016300000000000203 0.005373506313779419 
22 0.009529999999999816 0.007093000000000016 0.0023400000000000087 0.006809250369632203 
23 0.00951000000000013 0.004214000000000051 0.0011499999999999844 0.0077053853955244556 
24 0.010419999999999874 0.005711000000000022 0.0017899999999999583 0.008072877428720204 
25 0.010290000000000354 0.00567200000000001 0.0030600000000000627 0.007558612320266445 
26 0.011229999999999851 0.005848999999999993 0.003230000000000066 0.008347749791110193 
27 0.013090000000000046 0.00785899999999995 0.0036599999999999966 0.009570271219054405 
28 0.012680000000000025 0.005153999999999992 0.004129999999999967 0.009544760809707231 
29 0.013249999999999762 0.0026729999999999254 0.003570000000000073 0.010713770732535544 
30 0.011620000000000186 0.004280999999999979 0.0032600000000000406 0.00900183615127137 
31 0.012809999999999988 0.005668000000000006 0.003590000000000204 0.009752280461945873 
32 0.012550000000000061 0.0016129999999999756 0.003529999999999811 0.010278243089420158 
33 0.011649999999999938 0.0035680000000000156 0.0033799999999999386 0.00913262465218434 
34 0.013560000000000016 0.0025420000000000442 0.0031800000000001827 0.011164496821246761 
35 0.011009999999999742 0.0007960000000000189 0.0030999999999998806 0.009136916232468817 
36 0.013069999999999915 0.0007239999999999469 0.003090000000000037 0.01107364063479821 
37 0.009110000000000174 0.0016920000000000268 0.0023500000000000743 0.007444021830240732 
38 0.012989999999999835 0.00121899999999997 0.0018599999999999728 0.01130066421491982 
39 0.013020000000000032 0.00013399999999996748 0.0020500000000001073 0.011468060206328179 
40 0.013879999999999892 0.00185499999999994 0.0014500000000001734 0.012145834232986985 
41 0.014069999999999805 0.000160000000000049 0.0023500000000000743 0.012410234381218466 
42 0.01452999999999971 0.0011820000000000164 0.0014600000000000168 0.013306577350124638 
43 0.015449999999999964 0.0030529999999999724 0.0024500000000000632 0.014198811702702763 
44 0.015449999999999964 0.0067030000000000145 0.002789999999999848 0.014759938264351291 
45 0.01758000000000015 0.008674999999999988 0.0029999999999998916 0.017043322732929855 
46 0.01908999999999983 0.0045120000000000715 0.0008200000000000429 0.01889153372663266 
47 0.020219999999999683 0.0025570000000000315 0.0012800000000001699 0.01973536955083155 
48 0.021240000000000148 0.0008669999999999511 0.0023500000000000743 0.020710247169881235 
49 0.02082000000000006 0.0003630000000000022 0.003030000000000088 0.020435218488462414 
50 0.019280000000000186 0.0004789999999998962 0.0021100000000000563 0.01873534203171623 
51 0.020150000000000112 0.006630000000000025 0.0011900000000000244 0.020393965122276647 
52 0.020709999999999784 0.011590999999999907 0.0006099999999999994 0.02164498879120469 
53 0.019909999999999872 0.014920000000000044 0.0006299999999999084 0.021510345317899304 
54 0.019320000000000004 0.018908999999999954 0.00036999999999998145 0.021375301734758434 
55 0.01654 0.027384999999999993 0.003550000000000164 0.02149759033890586 
56 0.017430000000000057 0.02828799999999998 0.004850000000000021 0.02288898195915401 
57 0.01802000000000037 0.03408600000000006 0.006180000000000074 0.024869248167535662 
58 0.01919000000000004 0.039879 0.011950000000000127 0.02871583702744962 
59 0.018120000000000136 0.03564299999999998 0.012930000000000108 0.027252378838059865 
60 0.017079999999999984 0.03081899999999993 0.012189999999999923 0.025193842008004008 
61 0.014720000000000066 0.02865899999999999 0.01529999999999987 0.02349981060949835 
62 0.017609999999999904 0.026310999999999973 0.01326000000000005 0.02517666245335004 
63 0.018890000000000295 0.028055000000000052 0.01102000000000003 0.026020253237551305 
64 0.020459999999999923 0.03028799999999998 0.01088 0.02783564722015397 
65 0.023560000000000247 0.02995799999999993 0.006969999999999921 0.02955644774331434 
66 0.02804999999999991 0.03185899999999997 0.005560000000000009 0.03371199565206551 
67 0.029079999999999995 0.034989999999999966 0.004529999999999923 0.03494022410815889 
68 0.028339999999999588 0.035851999999999995 0.00042999999999993044 0.033235222608283266 
69 0.024779999999999802 0.03450200000000003 0.0007700000000001594 0.029743197586287184 
70 0.023789999999999978 0.03456199999999998 0.0019400000000000528 0.028066861251530018 
71 0.02364999999999995 0.03695700000000002 0.004962000000000022 0.027518282208641054 
72 0.02085999999999988 0.04152 0.0020440000000000458 0.026469207533592165 
73 0.0195599999999998 0.041317999999999966 0.003218999999999972 0.024869362850194587 
74 0.01692999999999989 0.03998900000000005 0.005836999999999981 0.021441184740025765 
75 0.017360000000000042 0.04253999999999991 0.0020090000000000385 0.023298283165607003 
76 0.018340000000000245 0.042649999999999966 0.004153999999999991 0.023646567999446866 
77 0.019879999999999676 0.04470099999999999 0.003994000000000053 0.025477575599910818 
78 0.02079999999999993 0.050597 0.0033370000000000344 0.0274656139249978 
79 0.020070000000000032 0.04918099999999992 0.008215000000000083 0.0252340629261667 
80 0.01988000000000012 0.049588999999999994 0.009631999999999974 0.024747144096018303 
81 0.01827000000000023 0.05585299999999993 0.007238000000000078 0.024815967527847427 
82 0.015569999999999862 0.05024600000000001 0.008890999999999982 0.02089481210020372 
83 0.013379999999999725 0.048224000000000045 0.008577000000000057 0.018548733072981882 
84 0.013889999999999958 0.05121500000000001 0.0062389999999999946 0.02008754470590013 
85 0.013099999999999667 0.051841999999999944 0.009091999999999989 0.018697741574495552 
86 0.012840000000000185 0.050178000000000056 0.006249999999999978 0.018889486314952908 
87 0.010280000000000289 0.046903999999999946 0.006193999999999922 0.015936108981283503 
88 0.008469999999999978 0.04612700000000003 0.00781900000000002 0.013677300822922511 
89 0.013599999999999834 0.05307700000000004 0.005993000000000026 0.02012045504743787 
90 0.01197999999999988 0.054400000000000004 0.008079999999999976 0.01827229727512414 
91 0.011130000000000084 0.053577999999999903 0.008462999999999998 0.017250969296112917 
92 0.01377000000000006 0.05114099999999999 0.006051999999999946 0.020003207540193024 
93 0.011390000000000011 0.047646999999999995 0.007893999999999957 0.01672989564080174 
94 0.008760000000000101 0.04842599999999997 0.011133999999999977 0.013557335639737378 
95 0.011039999999999939 0.04542299999999999 0.008761000000000019 0.015864924064408203 
96 0.009560000000000013 0.04316900000000001 0.011429000000000022 0.013462878100468423 
97 0.012509999999999799 0.039801000000000086 0.011102000000000056 0.015837817685301125 
98 0.012129999999999974 0.03918299999999997 0.010322000000000053 0.015589134189677445 
99 0.014770000000000394 0.033380999999999994 0.009226999999999985 0.01746753231045961 
100 0.014070000000000249 0.034721 0.010375000000000023 0.016762573047840235 
101 0.016739999999999977 0.03352900000000003 0.010068999999999995 0.01921180468261552 
102 0.014699999999999935 0.029629999999999934 0.009709999999999996 0.01672530638271219 
103 0.013750000000000373 0.02941500000000008 0.00983400000000001 0.015773984658388862 
104 0.014739999999999753 0.027490000000000014 0.009526000000000034 0.016488770778768647 
105 0.014170000000000016 0.026098000000000066 0.008515999999999968 0.015970162414182365 
106 0.015919999999999934 0.019923000000000024 0.009169000000000094 0.016445503691451258 
107 0.014539999999999775 0.021116000000000024 0.00960099999999997 0.015238479257570603 
108 0.01598999999999995 0.009056999999999982 0.008769000000000027 0.014735302561596164 
109 0.016750000000000043 0.006769000000000025 0.009604000000000057 0.014848370121395948 
110 0.01670999999999978 0.006505000000000094 0.009328000000000003 0.014823158325480534 
111 0.01814999999999989 0.003031000000000006 0.009214999999999973 0.015591071928716449 
112 0.024189999999999934 0.0006450000000000067 0.013398999999999939 0.01985952100615096 
113 0.0259100000000001 0.0002790000000000292 0.014145999999999992 0.02122231605988345 
114 0.026260000000000172 0.005678000000000072 0.012480999999999964 0.020851776735736127 
115 0.025570000000000093 0.004898999999999987 0.017086000000000046 0.019142242603339632 
116 0.023390000000000022 0.0042279999999998985 0.015746000000000038 0.01749109819090311 
117 0.022330000000000183 0.011638000000000037 0.017764000000000002 0.014544570518162825 
118 0.01831000000000005 0.009761999999999937 0.015141000000000071 0.011702186525532454 
119 0.01621999999999968 0.008840999999999988 0.011481000000000074 0.010788026641734838 
120 0.0195599999999998 0.01851999999999998 0.01349800000000001 0.011535215221437856 
121 0.01689000000000007 0.017317000000000027 0.011212 0.009780768994542388 
122 0.01479000000000008 0.01669900000000002 0.010055999999999954 0.008166814146008505 
123 0.017910000000000093 0.022514000000000034 0.012267000000000028 0.009326916663790819 
124 0.01570999999999989 0.02369599999999994 0.012461000000000055 0.006911079817438992 
125 0.009459999999999802 0.01508799999999999 0.011491000000000029 0.0029197714437341205 
126 0.005730000000000235 0.016622000000000026 0.018367000000000022 0.0027989171927531586 
127 0.0032400000000003537 0.017584999999999962 0.018727999999999967 0.005486001384352068 
128 0.004210000000000047 0.014170999999999934 0.02088100000000004 0.012444582973691887 
129 0.011500000000000288 0.011214999999999975 0.02301400000000009 0.019334138537580703 
130 0.016519999999999868 0.010774000000000061 0.026201999999999948 0.02488477232756159 
131 0.02316000000000029 0.007354000000000083 0.026963999999999988 0.030673800091480352 
132 0.026270000000000238 0.009701999999999988 0.030155000000000043 0.03498386415965005 
133 0.029739999999999878 0.008085000000000009 0.03162199999999993 0.03833688773384303 
134 0.03207000000000004 0.00375100000000006 0.032254000000000005 0.03982949945713177 
135 0.029799999999999827 0.0015179999999999083 0.033553000000000055 0.037623218252683 
136 0.028910000000000213 0.0013880000000000559 0.03362999999999994 0.03679318996780623 
137 0.02798999999999996 0.0005230000000000512 0.034340999999999955 0.03596147276190642 
138 0.026590000000000114 0.0015330000000000066 0.036354 0.034799534242249575 
139 0.02591999999999972 0.005483999999999933 0.036739999999999995 0.03347780975921388 
140 0.027929999999999566 0.0063429999999999875 0.03752 0.035406225557623294 
141 0.028189999999999937 0.005364999999999953 0.03663799999999995 0.03559034267760808 
142 0.028550000000000075 0.005242999999999998 0.03691700000000009 0.03602294881271417 
143 0.031210000000000182 0.00546000000000002 0.03801399999999999 0.03877344201056587 
144 0.03150999999999993 0.003994999999999971 0.039502999999999955 0.039752494760545876 
145 0.03022999999999998 0.0035970000000000724 0.042538999999999993 0.039463101416099544 
146 0.027169999999999916 0.002658999999999967 0.042869999999999964 0.03684294419647349 
147 0.02442000000000011 0.0010289999999999466 0.04409799999999997 0.03490951503595685 
148 0.022550000000000292 0.0038199999999999346 0.04561800000000005 0.03298276584509985 
149 0.021059999999999857 0.0027769999999999184 0.04802699999999993 0.03243432701352722 
150 0.02032999999999996 0.001398999999999928 0.05024899999999999 0.0326096462496821 
151 0.021220000000000017 0.0038680000000000936 0.051570000000000005 0.03327753901974928 
152 0.021190000000000264 0.0020559999999999468 0.05544699999999991 0.034632595853437476 
153 0.022440000000000015 0.0036200000000000676 0.057654000000000094 0.03605409152719252 
154 0.023390000000000022 0.002238999999999991 0.060019000000000045 0.037797871850151044 
155 0.023169999999999913 0.0010590000000000321 0.06175599999999992 0.03824350000388854 
156 0.021669999999999856 0.0006659999999999444 0.06334200000000001 0.03728463120466019 
157 0.024860000000000326 0.002726000000000006 0.06293199999999999 0.03968946703942944 
158 0.025879999999999903 0.0022839999999999527 0.06406699999999999 0.04098925052112046 
159 0.025390000000000246 0.0042159999999999975 0.06543800000000011 0.04045679921430656 
160 0.026899999999999924 0.0033279999999999976 0.06426100000000001 0.0416503957541412 
161 0.0264000000000002 0.004707000000000017 0.06714500000000001 0.04159248451855335 
162 0.028550000000000075 0.008458000000000077 0.06670900000000002 0.042678201644938074 
163 0.026980000000000004 0.007593000000000072 0.06943699999999997 0.041987983209268886 
164 0.028039999999999843 0.010142000000000095 0.06852599999999998 0.042164176197971415 
165 0.027330000000000076 0.009374999999999911 0.07076099999999996 0.04215033608000551 
166 0.02568999999999999 0.011199999999999988 0.07394699999999998 0.04098529632839654 
167 0.028490000000000126 0.014997000000000038 0.07391999999999999 0.04280821768427501 
168 0.02743999999999991 0.013919000000000015 0.076075 0.04247809353643728 
169 0.02580999999999989 0.013344000000000023 0.07763699999999996 0.0413412386035894 
170 0.028490000000000126 0.015765999999999947 0.07781899999999997 0.04334942276927034 
171 0.02898999999999985 0.014836999999999989 0.08111299999999999 0.04472957910832287 
172 0.028440000000000243 0.015643000000000074 0.08304699999999998 0.0444332107383234 
173 0.03141999999999978 0.015433999999999948 0.08194800000000002 0.04688391448522733 
174 0.03157999999999994 0.013504000000000072 0.08326999999999996 0.047618116038446345 
175 0.0312800000000002 0.01184200000000002 0.08489500000000005 0.04794335438308295 
176 0.030999999999999694 0.01277600000000001 0.08375299999999997 0.04709423213227515 
177 0.029059999999999864 0.015042 0.08576000000000006 0.045222811619455516 
178 0.028160000000000185 0.012230999999999992 0.08450999999999997 0.04442622588012535 
179 0.026920000000000055 0.012714000000000003 0.08397499999999991 0.042920363746886014 
180 0.025459999999999816 0.012375000000000025 0.08290600000000004 0.04121995520225541 
181 0.02175000000000038 0.014554000000000067 0.083264 0.03725702907222006 
182 0.018180000000000085 0.013547000000000087 0.08462599999999998 0.034287824803628464 
183 0.014310000000000045 0.015693000000000068 0.08466299999999993 0.030122058913890637 
184 0.013709999999999667 0.015791 0.08313300000000001 0.02907892366536524 
185 0.011279999999999735 0.01598900000000003 0.083349 0.026698352259417746 
186 0.009300000000000086 0.015647000000000078 0.08328200000000008 0.02478403114298322 
187 0.009100000000000108 0.02061999999999997 0.08493799999999996 0.02393678835442259 
188 0.006420000000000314 0.025580000000000047 0.08589199999999997 0.020588360993529786 
189 0.0029799999999999827 0.033116000000000034 0.08701399999999992 0.016062398420705115 
190 0.005459999999999798 0.028622999999999954 0.085615 0.018889141407857135 
191 0.0030399999999999316 0.026100000000000012 0.08446199999999993 0.016757931779234347 
192 0.005619999999999958 0.023141000000000078 0.08246399999999998 0.0192961907084217 
193 0.0032800000000001717 0.022348999999999952 0.08102600000000004 0.016883941136167202 
194 0.005489999999999995 0.013612999999999986 0.07856299999999994 0.02012886319470031 
195 0.0038399999999998435 0.013484000000000052 0.07582699999999998 0.017977634758872263 
196 0.0022199999999998887 0.014805000000000068 0.07107800000000009 0.015130833954925205 
197 0.00048000000000003595 0.018401 0.06940400000000002 0.012431560011218146 
198 0.000700000000000145 0.020075999999999983 0.06562000000000001 0.0101707264800881 
199 0.003010000000000179 0.030291000000000068 0.070805 0.007297567628744783 
200 0.0047200000000002795 0.03785499999999997 0.06597200000000003 0.0031719534312357744 
201 0.006500000000000394 0.04133299999999995 0.06179800000000002 0.000102035693982927 
202 0.00898000000000021 0.04667100000000002 0.061563000000000034 0.0034392007530601454 
203 0.010699999999999932 0.0491370000000001 0.056765000000000065 0.006608406663560107 
204 0.012599999999999945 0.05467599999999995 0.05340099999999992 0.010185391104961194 
205 0.014699999999999935 0.062948 0.04961700000000002 0.014543378337521506 
206 0.018979999999999997 0.08442699999999992 0.051754999999999995 0.02191344295407438 
207 0.02008999999999972 0.08448600000000006 0.04853699999999994 0.023670330586739396 
208 0.02192000000000016 0.09016200000000008 0.04721200000000003 0.026653779975473135 
209 0.024189999999999934 0.1137499999999999 0.050705 0.031902616076229684 
210 0.024760000000000115 0.11423800000000006 0.04950599999999994 0.032682171708128926 
211 0.02568999999999999 0.1142209999999999 0.048668000000000045 0.03364152416225252 
212 0.02693000000000012 0.119537 0.04747199999999996 0.035908520600338 
213 0.028690000000000104 0.12929000000000002 0.05116699999999996 0.03814718494044911 
214 0.029209999999999958 0.11978100000000003 0.048927000000000054 0.03750054611929343 
215 0.030040000000000067 0.12193200000000004 0.050402999999999976 0.03813976323920043 
216 0.030169999999999586 0.119815 0.049668000000000045 0.0380050915642518 
217 0.032500000000000195 0.12406800000000007 0.05063899999999999 0.04056751392662372 
218 0.03310999999999975 0.12392800000000004 0.05022000000000004 0.04112873184040877 
219 0.0341499999999999 0.12830200000000003 0.050184000000000006 0.04269759171484333 
220 0.03666999999999998 0.13862600000000003 0.054311 0.045525444406705695 
221 0.038229999999999986 0.140845 0.05606 0.04675873536665476 
222 0.03968000000000016 0.13808200000000004 0.05756399999999995 0.0471542360319992 
223 0.041910000000000114 0.1356489999999999 0.058765999999999985 0.04846741184649739 
224 0.04275999999999991 0.13063499999999995 0.059467999999999965 0.04818087571146901 
225 0.04327999999999976 0.12799800000000006 0.0603530000000001 0.04795424440654328 
226 0.044700000000000184 0.12595100000000004 0.061085999999999974 0.04877004392233575 
227 0.0447700000000002 0.118583 0.062358000000000025 0.047197488547343625 
228 0.04631000000000007 0.12171500000000002 0.06259099999999995 0.04895887387086306 
229 0.04668000000000028 0.12079700000000004 0.06422099999999997 0.0486054942189984 
230 0.046900000000000386 0.11799499999999996 0.06466799999999995 0.048160767669544136 
231 0.049120000000000275 0.11900299999999997 0.06632899999999997 0.04984515666009104 
232 0.04985999999999979 0.11584399999999995 0.06585300000000005 0.05005297588952118 
233 0.05217999999999989 0.11822700000000008 0.06744300000000003 0.05207081015916115 
234 0.05301 0.11673599999999995 0.06712700000000005 0.05258761282353941 
235 0.05386999999999986 0.11563900000000005 0.06670799999999999 0.05318238787592522 
236 0.055460000000000065 0.11544299999999996 0.06915899999999997 0.05387922345368912 
237 0.056150000000000144 0.11201000000000005 0.06830000000000003 0.05408801590745238 
238 0.057459999999999845 0.11300899999999992 0.06995600000000002 0.05486976109443198 
239 0.058089999999999975 0.10863599999999995 0.06836999999999993 0.055127783995745805 
240 0.05852999999999975 0.104985 0.06700499999999998 0.05522329161700679 
241 0.05979000000000001 0.10511300000000001 0.06941200000000003 0.055650665265994714 
242 0.05973000000000006 0.10318700000000003 0.067523 0.05564985676767753 
243 0.06051999999999991 0.10315299999999994 0.06924799999999998 0.05574649670684728 
244 0.060639999999999805 0.10264399999999996 0.067909 0.05598747579122021 
245 0.06089000000000011 0.10109800000000002 0.06745199999999996 0.05596831794279744 
246 0.06266000000000016 0.10291800000000006 0.07256799999999997 0.05627451618217094 
247 0.06301000000000023 0.10363100000000003 0.07211000000000001 0.056640044860472916 
248 0.06407000000000007 0.10447900000000004 0.07151599999999991 0.057720159655635594 
249 0.06642999999999999 0.10273100000000002 0.07429099999999988 0.05869422924202938 
250 0.06730000000000036 0.10508200000000001 0.07135300000000011 0.06042052142923282 
251 0.06804999999999994 0.10351700000000003 0.07449899999999998 0.05979648737950827 
252 0.06818000000000035 0.10305100000000006 0.07069499999999995 0.060694189938045984 
253 0.06823000000000023 0.10234300000000002 0.06823099999999993 0.061163772925536986 
254 0.0678399999999999 0.10114999999999996 0.0690710000000001 0.060121080825269235 
255 0.06753999999999971 0.10008200000000006 0.06539500000000009 0.06056173997124681 
256 0.06681999999999988 0.10004200000000008 0.059150000000000036 0.061467247993372 
257 0.06540999999999997 0.09933599999999998 0.06234000000000006 0.05884757872098367 
258 0.0642100000000001 0.099966 0.05781999999999998 0.058922730231495635 
259 0.06287999999999982 0.10006300000000001 0.06054999999999988 0.056525307235515854 
260 0.062180000000000124 0.10158600000000007 0.05735000000000001 0.0567853297055394 
261 0.06132000000000026 0.10332000000000008 0.05119999999999991 0.057795365087279116 
262 0.06180999999999992 0.105269 0.05928 0.055651626748723704 
263 0.06112999999999991 0.10626199999999997 0.05258000000000007 0.05692282926007319 
264 0.06056000000000017 0.10949500000000006 0.049799999999999844 0.057424573134705614 
265 0.06109999999999971 0.11362100000000003 0.05459999999999998 0.056533960104637515 
266 0.060650000000000315 0.11614500000000005 0.05278999999999989 0.05676991258976738 
267 0.059309999999999974 0.11670900000000001 0.04753000000000007 0.057032420679180795 
268 0.05998999999999999 0.11893999999999999 0.05563999999999991 0.05492365390092013 
269 0.059579999999999966 0.11882599999999999 0.05301 0.05514329322105116 
270 0.06061000000000005 0.12180200000000002 0.06295000000000006 0.052840267005145325 
271 0.059309999999999974 0.12243999999999994 0.056680000000000064 0.053559688053829824 
272 0.05906000000000011 0.12309200000000003 0.05543000000000009 0.05363683356980653 
273 0.05921999999999983 0.12476799999999999 0.05960999999999994 0.05226108773780158 
274 0.058849999999999625 0.124697 0.05825999999999998 0.05217898595641479 
275 0.05835999999999997 0.12484 0.05539000000000005 0.05258895310542222 
276 0.058989999999999654 0.125276 0.05922000000000005 0.05165615800293155 
277 0.05865999999999971 0.125739 0.05632999999999999 0.052275005266847696 
278 0.058720000000000105 0.12562399999999996 0.0549599999999999 0.05264169179059586 
279 0.059009999999999785 0.12629600000000002 0.058519999999999905 0.05155805127097235 
280 0.05906000000000011 0.12574200000000002 0.05554999999999999 0.052469878262454195 
281 0.059169999999999945 0.12551400000000001 0.053710000000000147 0.053093299528732985 
282 0.058000000000000274 0.12630699999999995 0.05536999999999992 0.051385535724080444 
283 0.057459999999999845 0.12656499999999998 0.05270999999999981 0.051761511339435184 
284 0.05672999999999995 0.12774400000000002 0.0519400000000001 0.05141989032172711 
285 0.053710000000000147 0.13197800000000004 0.052100000000000035 0.04896128541987643 
286 0.052729999999999944 0.13363800000000003 0.05221999999999993 0.048109606731890686 
287 0.05302999999999969 0.13356099999999999 0.05103000000000013 0.04866615128139751 
288 0.050899999999999945 0.13618999999999998 0.05125999999999986 0.0467700323729634 
289 0.05085000000000006 0.13775900000000002 0.05092999999999992 0.046911994742231844 
290 0.050759999999999916 0.13777799999999996 0.049879999999999924 0.04707913915217654 
291 0.04861000000000004 0.14120299999999997 0.05186000000000002 0.04464306115504435 
292 0.04834999999999967 0.141214 0.051409999999999956 0.04443592398782359 
293 0.04773000000000005 0.14145999999999997 0.0511299999999999 0.04388885829212619 
294 0.047169999999999934 0.144499 0.05291000000000001 0.04295601949079675 
295 0.04703999999999997 0.144335 0.05241000000000007 0.04288950264299318 
296 0.047109999999999985 0.14437100000000003 0.052689999999999904 0.04278039188640115 
297 0.046809999999999796 0.145447 0.05295000000000005 0.04239682891251073 
298 0.04661000000000026 0.14539200000000002 0.05217999999999989 0.042394216413769836 
299 0.04659000000000013 0.14541000000000004 0.052079999999999904 0.04231933102581964 
300 0.04573999999999989 0.14814000000000005 0.052669999999999995 0.041503238541175325 
301 0.045090000000000074 0.14831899999999998 0.051329999999999876 0.04129401766102747 
302 0.04488000000000003 0.14832100000000004 0.05064999999999986 0.041213100189666285 
303 0.04280000000000017 0.15276799999999996 0.05180999999999991 0.039194766702272066 
304 0.04290000000000038 0.15412500000000007 0.05217999999999989 0.03917544601886114 
305 0.0412300000000001 0.15686999999999995 0.0523499999999999 0.03770367791625384 
306 0.04086999999999996 0.15666399999999997 0.05179 0.037447762882236724 
307 0.04037999999999986 0.15640199999999999 0.05105000000000004 0.03710837458027694 
308 0.03981000000000012 0.15726 0.0513300000000001 0.036447869317050685 
309 0.03873000000000015 0.15962699999999996 0.05153999999999992 0.03552482739810614 
310 0.03860000000000019 0.15934500000000001 0.05157999999999996 0.035284755679109825 
311 0.03817000000000004 0.15928599999999998 0.05131999999999981 0.03491450286869835 
312 0.036719999999999864 0.16022699999999995 0.049919999999999964 0.03413527181252629 
313 0.03666999999999998 0.15991800000000006 0.0495000000000001 0.0341726649472891 
314 0.03702000000000005 0.15914899999999998 0.049550000000000205 0.0343562643261448 
315 0.035210000000000186 0.16010600000000003 0.04797000000000007 0.033333034150020424 
316 0.03485000000000005 0.16104599999999997 0.04859000000000013 0.032826676478294736 
317 0.03462999999999994 0.16140900000000002 0.048939999999999984 0.03249815155845237 
318 0.0342699999999998 0.161815 0.04859999999999998 0.03230830447783317 
319 0.03391000000000011 0.16134600000000004 0.048310000000000075 0.03203831542033653 
320 0.03363000000000005 0.16060199999999997 0.047819999999999974 0.031900432646937205 
321 0.03308 0.16048300000000004 0.04739000000000004 0.03156584983813504 
322 0.03168000000000015 0.158964 0.04512000000000005 0.03101104969735191 
323 0.03096000000000032 0.15826400000000002 0.044969999999999954 0.030367822302610925 
324 0.03039999999999976 0.158561 0.045680000000000165 0.029648015441943176 
325 0.030289999999999928 0.15886100000000003 0.04686999999999997 0.029171436820518704 
326 0.02964000000000011 0.15785800000000005 0.0444500000000001 0.029438073365148476 
327 0.029409999999999936 0.15480199999999994 0.042869999999999964 0.029580134046681472 
328 0.029739999999999878 0.152742 0.04245999999999994 0.029914508785874094 
329 0.02900999999999998 0.15266600000000002 0.04269000000000012 0.029212000161354723 
330 0.028430000000000177 0.150036 0.039040000000000186 0.02983764052059401 
331 0.02854000000000001 0.148602 0.039759999999999796 0.029603680784749287 
332 0.028259999999999952 0.14896899999999996 0.04035000000000011 0.029238125377834656 
333 0.027579999999999938 0.148592 0.03993000000000002 0.028798484321224116 
334 0.024389999999999912 0.14672800000000003 0.03370000000000006 0.028002893277565555 
335 0.024070000000000036 0.14615100000000003 0.034110000000000085 0.027574490936237872 
336 0.023100000000000342 0.14523000000000003 0.03514000000000017 0.02629789647034597 
337 0.02012999999999998 0.14529899999999996 0.03186 0.024801197121796292 
338 0.01853999999999978 0.14605200000000002 0.03334999999999999 0.02293766946404663 
339 0.016799999999999926 0.14613000000000004 0.03427000000000002 0.021059087781824637 
340 0.012469999999999981 0.14573400000000003 0.028510000000000035 0.01909153866293023 
341 0.011229999999999851 0.14535600000000004 0.028899999999999926 0.017800530546597138 
342 0.010160000000000391 0.14523099999999994 0.029360000000000053 0.01666447790996539 
343 0.009330000000000283 0.14464600000000005 0.030370000000000008 0.015508179225346197 
344 0.008259999999999934 0.144123 0.030650000000000066 0.014385278880275187 
345 0.006689999999999863 0.14651199999999992 0.027150000000000007 0.014395762177338511 
346 0.006519999999999637 0.14737300000000003 0.028469999999999995 0.013878270921100722 
347 0.00702999999999987 0.14724100000000007 0.029750000000000165 0.013909719604928927 
348 0.006349999999999856 0.147127 0.030710000000000015 0.012940970368143567 
349 0.005510000000000126 0.14567300000000005 0.026059999999999972 0.013595295812453223 
350 0.005170000000000119 0.144499 0.02664999999999984 0.01296491617080564 
351 0.005129999999999857 0.14476 0.028349999999999875 0.012395593236931735 
352 0.0024999999999999467 0.14436099999999996 0.0238799999999999 0.011408426557257378 
353 0.0017899999999997362 0.14398699999999998 0.025839999999999863 0.010086740287992946 
354 0.0010699999999999044 0.14488600000000001 0.027530000000000054 0.008984566788473813 
355 0.0013299999999998313 0.14330099999999996 0.022820000000000062 0.010679383876885051 
356 0.0003100000000002545 0.142665 0.02417999999999987 0.009313420152677665 
357 0.000360000000000138 0.14321299999999998 0.02552999999999983 0.009062886113081259 
358 0.0007500000000000284 0.14029000000000003 0.02073999999999998 0.009361792826685367 
359 0.0022299999999999542 0.13966799999999996 0.02021000000000006 0.00816265035321928 
360 0.002869999999999706 0.13785299999999995 0.01994000000000007 0.007506816505374214 
361 0.0034600000000000186 0.13866299999999998 0.0208600000000001 0.006816879112024221 
362 0.00503000000000009 0.13586600000000004 0.01635999999999993 0.006531194022868725 
363 0.0035199999999999676 0.13557700000000006 0.017229999999999857 0.007742261495314207 
364 0.0024600000000001288 0.13424100000000005 0.01709000000000005 0.008697629240488336 
365 0.0022299999999999542 0.134926 0.01788999999999996 0.008795138979321937 
366 0.0022899999999999032 0.13514400000000004 0.019179999999999975 0.008408641112854554 
367 0.0015999999999998238 0.136272 0.02134999999999998 0.008641922595436835 
368 0.00015999999999971593 0.13478799999999996 0.022480000000000055 0.009800723731498096 
369 0.0012399999999996858 0.130426 0.01988000000000012 0.008723882406438843 
370 0.0022099999999998232 0.12940799999999997 0.02252999999999994 0.006901985174809777 
371 0.0011999999999998678 0.131098 0.025700000000000056 0.007071151426733202 
372 0.0001499999999996504 0.13206900000000005 0.025660000000000016 0.008194125855489176 
373 0.0006700000000003925 0.13077900000000003 0.024639999999999995 0.007897884950456291 
374 0.000140000000000029 0.13084399999999996 0.025760000000000005 0.00830726813545768 
375 0.0015100000000001224 0.131693 0.02465000000000006 0.007167982791517424 
376 0.003169999999999895 0.132926 0.024700000000000166 0.0057138493742519 
377 0.005919999999999703 0.13363200000000003 0.02554999999999996 0.00290629468988568 
378 0.009099999999999664 0.13245600000000002 0.02373000000000003 0.00035854281657954346 
379 0.009729999999999794 0.13342800000000005 0.020540000000000003 0.0009588078626721064 
380 0.01322000000000001 0.133672 0.01882000000000006 0.0017769474535516139 
381 0.011619999999999742 0.13295599999999996 0.014469999999999983 0.0010548532669667487 
382 0.014739999999999753 0.129973 0.007929999999999993 0.00014571935955220994 
383 0.01584999999999992 0.12873799999999996 0.003630000000000022 3.6562675573836856e-05 
384 0.01929000000000025 0.13371700000000003 0.0008699999999999264 0.0017816217945956225 
385 0.0228900000000003 0.13081500000000001 0.004590000000000094 0.0037201978085024123 
386 0.025650000000000173 0.12906299999999993 0.009630000000000027 0.004857261679193758 
387 0.02685000000000004 0.130081 0.014100000000000001 0.004382802692184384 
388 0.028970000000000162 0.12901200000000002 0.01193999999999984 0.007140450910095186 
389 0.03344999999999976 0.12799100000000002 0.020219999999999905 0.008648165586853107 
390 0.035980000000000345 0.1265 0.021629999999999816 0.010645527042920655 
391 0.04140999999999995 0.12399300000000002 0.019279999999999964 0.01668204067170098 
392 0.04388000000000014 0.12437400000000004 0.023560000000000025 0.017393007751925982 
393 0.047109999999999985 0.12226999999999999 0.029919999999999947 0.01845660583704989 
394 0.049980000000000135 0.12212700000000004 0.032520000000000104 0.020158599668457455 
395 0.05388999999999999 0.11658800000000008 0.028669999999999973 0.025577787127148977 
396 0.05573000000000006 0.11648900000000001 0.03326999999999991 0.025604540690723265 
397 0.05716999999999972 0.11616299999999996 0.03241999999999989 0.027128518068331164 
398 0.060499999999999776 0.10917600000000005 0.02915000000000001 0.032014844380221064 
399 0.06130000000000013 0.10996899999999998 0.030359999999999943 0.03211375868362287 
400 0.062040000000000095 0.11201900000000004 0.032259999999999955 0.031796358517524936 
401 0.06416999999999984 0.10798999999999997 0.028900000000000148 0.0352905918311448 
402 0.06542000000000003 0.10596399999999995 0.030180000000000096 0.036155185818065316 
403 0.06492000000000031 0.105375 0.03118999999999983 0.03532516055573032 
404 0.06417000000000028 0.10546000000000005 0.029490000000000016 0.03510380573333993 
405 0.06525999999999987 0.10428700000000002 0.029889999999999972 0.03605954103898057 
406 0.0663800000000001 0.10186699999999999 0.028750000000000053 0.037718984864238525 
407 0.06601999999999997 0.10290899999999997 0.030410000000000048 0.03660077563546915 
408 0.06667999999999985 0.10141099999999997 0.03059999999999996 0.03726345986191193 
409 0.0665 0.09976899999999994 0.03212999999999999 0.03669643167294456 
410 0.06864000000000026 0.09708 0.030909999999999993 0.039345613115422395 
411 0.06877999999999984 0.09558100000000003 0.031910000000000105 0.03922288656420614 
412 0.07028000000000034 0.08997600000000006 0.033379999999999965 0.040726025554185696 
413 0.07103999999999999 0.08765799999999996 0.03527999999999998 0.04099662677385307 
414 0.0712900000000003 0.08874599999999999 0.035720000000000196 0.04083817597908057 
415 0.07155000000000022 0.08750599999999997 0.03540999999999994 0.04126270731159698 
416 0.07269000000000014 0.08668700000000007 0.036559999999999926 0.041958208066008584 
417 0.07325000000000026 0.08692 0.0371100000000002 0.042184742878004666 
418 0.07416 0.08534300000000006 0.036150000000000126 0.04348137965083998 
419 0.07462999999999997 0.084974 0.038430000000000186 0.04310148484560905 
420 0.07561000000000018 0.08436400000000005 0.03804999999999992 0.044145022294109104 
421 0.07665999999999995 0.080156 0.03766999999999987 0.045716282145478626 
422 0.07835000000000036 0.07699299999999998 0.0381800000000001 0.04746619386345774 
423 0.0783100000000001 0.07562000000000002 0.03994999999999993 0.046909860937451864 
424 0.07999 0.07096400000000003 0.0398099999999999 0.04905133350702373 
425 0.08273999999999981 0.06504699999999997 0.04275999999999991 0.051301181386520955 
426 0.08318999999999965 0.06282299999999996 0.0436700000000001 0.05161477620401378 
427 0.08165000000000022 0.060362999999999944 0.04465000000000008 0.05007617369344075 
428 0.0817000000000001 0.05996199999999996 0.046459999999999946 0.04944593288956334 
429 0.08142000000000005 0.05933500000000003 0.04692000000000007 0.04902899430039698 
430 0.08102999999999971 0.05506 0.04707000000000017 0.04913661775898781 
431 0.07990999999999993 0.055497999999999936 0.04791000000000012 0.04766221628318057 
432 0.07868999999999993 0.05597200000000002 0.048799999999999955 0.04609103189063113 
433 0.07968999999999982 0.051516000000000006 0.04771000000000014 0.048007805929365155 
434 0.07950000000000035 0.05241899999999999 0.04796 0.0475614875413255 
435 0.0785800000000001 0.052981000000000056 0.049350000000000005 0.04608734704818618 
436 0.07979000000000003 0.048063999999999996 0.04891999999999985 0.04805745061138422 
437 0.07857999999999965 0.04690099999999997 0.04913999999999996 0.047005560075672914 
438 0.07823000000000002 0.04767600000000005 0.04918 0.046527911406619715 
439 0.07962000000000025 0.04161300000000001 0.04884999999999984 0.048836808491123485 
440 0.07977999999999996 0.03868700000000003 0.04902999999999991 0.04934857983181251 
441 0.07899999999999974 0.03708600000000006 0.049960000000000004 0.04852030671637042 
442 0.07677999999999985 0.03309899999999999 0.050529999999999964 0.04685800721306421 
443 0.0777000000000001 0.02851899999999996 0.05123999999999995 0.04814562302721148 
444 0.07658999999999994 0.025116000000000027 0.05180999999999991 0.04743369879887549 
445 0.07654000000000005 0.021509 0.05310999999999999 0.04748601213244674 
446 0.07699999999999996 0.01630699999999996 0.05376000000000003 0.04850657690683802 
447 0.0745499999999999 0.011826999999999921 0.054219999999999935 0.04681155842920415 
448 0.07533000000000012 0.006076999999999999 0.05500000000000016 0.048213387624405524 
449 0.07457000000000003 0.000132000000000021 0.05630000000000002 0.0481081125932703 
450 0.07179000000000002 0.005349999999999966 0.05732999999999988 0.04609552988551302 
451 0.07209999999999983 0.008901000000000048 0.056950000000000056 0.04715408044333991 
452 0.0712299999999999 0.013225000000000042 0.05678000000000005 0.04719921662012405 
453 0.06884999999999986 0.019280999999999993 0.05631000000000008 0.046279414560308485 
454 0.06817999999999991 0.02500799999999992 0.055930000000000035 0.04686208510365697 
455 0.06674999999999986 0.02613500000000002 0.05515000000000003 0.0460651412373414 
456 0.06470999999999982 0.03216700000000006 0.05381999999999998 0.045797950036100765 
457 0.06341000000000019 0.030868000000000007 0.05187000000000008 0.04511534581954679 
458 0.06170999999999971 0.036687000000000025 0.04998999999999998 0.045320185571501526 
459 0.059949999999999726 0.039868000000000015 0.04688000000000003 0.04542339398701323 
460 0.05640999999999963 0.03929499999999997 0.044440000000000035 0.042974654028371084 
461 0.053279999999999994 0.04121800000000009 0.04512000000000005 0.04029177502719694 
462 0.051569999999999894 0.04493900000000006 0.04315000000000002 0.04016117848095968 
463 0.050570000000000004 0.04603600000000008 0.04207000000000005 0.03989079581611943 
464 0.04954999999999998 0.05045199999999994 0.04422999999999999 0.03910628680834316 
465 0.048960000000000115 0.056810999999999945 0.040429999999999966 0.04117339302541945 
466 0.04795000000000016 0.06208799999999992 0.03811999999999993 0.04213302475815972 
467 0.04836000000000018 0.05711200000000005 0.03693999999999997 0.042042426423740675 
468 0.04825000000000035 0.054813 0.038410000000000055 0.04110130964982606 
469 0.046789999999999665 0.0571799999999999 0.0384199999999999 0.04030126377973975 
470 0.044580000000000286 0.06264599999999998 0.03644000000000003 0.04013177872842899 
471 0.04219999999999979 0.06095699999999993 0.03617999999999988 0.03779566061219253 
472 0.0412300000000001 0.06184899999999993 0.03261000000000003 0.03838754070584205 
473 0.04018999999999995 0.064276 0.030610000000000026 0.0386657892470228 
474 0.037909999999999666 0.06406299999999998 0.029189999999999827 0.03708345188311801 
475 0.035719999999999974 0.06768699999999994 0.027779999999999916 0.036355814180470514 
476 0.034030000000000005 0.068017 0.027549999999999963 0.03502765911578454 
477 0.03133000000000008 0.07344899999999999 0.02517999999999998 0.03451225780275946 
478 0.029100000000000126 0.07374700000000001 0.022050000000000125 0.03366267971153514 
479 0.02627999999999986 0.08119899999999991 0.02176 0.03275997110656492 
480 0.02432000000000034 0.085094 0.01868000000000003 0.03282703880814131 
481 0.023159999999999847 0.08442499999999997 0.016820000000000057 0.03228858948826474 
482 0.019750000000000156 0.080422 0.01715 0.028263605961478255 
483 0.01692999999999989 0.08015800000000006 0.0174399999999999 0.025562345148460786 
484 0.016169999999999796 0.08456200000000003 0.013719999999999954 0.02702808138426782 
485 0.01322000000000001 0.08176099999999997 0.014089999999999936 0.023645330347871862 
486 0.010709999999999997 0.08152999999999999 0.013110000000000177 0.021632391484829316 
487 0.00902999999999965 0.08303499999999997 0.012390000000000123 0.020664193759620364 
488 0.005819999999999936 0.08486199999999999 0.011059999999999848 0.01854797731427471 
489 0.004090000000000149 0.08243100000000003 0.010559999999999903 0.016642030315590084 
490 0.0033400000000001207 0.08288399999999996 0.009830000000000005 0.016313216339751246 
491 0.0013600000000000279 0.08503899999999998 0.008799999999999919 0.015308265600247228 
492 0.0009999999999998899 0.08557899999999996 0.007280000000000175 0.01561210210888797 
493 0.0004500000000002835 0.08391800000000005 0.006040000000000045 0.014359971246931114 
494 0.0017100000000001003 0.08010300000000004 0.005719999999999947 0.012523441833622417 
495 0.002909999999999968 0.08357199999999998 0.006009999999999849 0.012074006759949185 
496 0.0049000000000001265 0.07773399999999997 0.0043599999999999195 0.009557250799427042 
497 0.005759999999999987 0.08026199999999994 0.0033399999999998986 0.009633321542088957 
498 0.00558000000000014 0.07830400000000004 0.003550000000000164 0.009322850999066823 
499 0.007759999999999767 0.078125 0.0027399999999999647 0.007532608373073124 
500 0.008919999999999817 0.07538 0.003489999999999993 0.0056355093968707415 
501 0.01161000000000012 0.07712200000000002 0.0027800000000000047 0.003736537553959085 
502 0.012029999999999763 0.07501999999999998 0.0012099999999999334 0.0034035037636583887 
503 0.011769999999999836 0.074635 0.0017900000000001803 0.0033651680522970295 
504 0.013599999999999834 0.07469800000000004 0.0023100000000000342 0.0015145367940645471 
505 0.013729999999999798 0.07671899999999998 0.0022200000000001108 0.0018417091473525993 
506 0.01847000000000021 0.07529400000000008 0.0001500000000000945 0.002049790106333216 
507 0.0188600000000001 0.07454099999999997 0.0024600000000001288 0.003418983012736909 
508 0.01861999999999986 0.07219700000000007 0.00032999999999994145 0.0029833230812559286 
509 0.018240000000000034 0.07090200000000002 0.0013000000000000789 0.0032220701734342327 
510 0.017039999999999722 0.06885600000000003 0.0013099999999999223 0.002543360114904303 
511 0.018839999999999968 0.06346799999999997 0.000600000000000156 0.005072083742789779 
