1491308390229 -0.821629 0.595394 1.52979 0.995023 -0.0254898 -0.0815857 0.051212
1491308390272 -0.82074 0.599062 1.52997 0.995034 -0.0254953 -0.0816722 0.0508697
1491308390316 -0.821424 0.595653 1.53083 0.995119 -0.0253553 -0.0814904 0.0495507
1491308390360 -0.820468 0.598341 1.53319 0.995111 -0.0258084 -0.0814387 0.04956
1491308390404 -0.820353 0.594755 1.534 0.99513 -0.0256207 -0.0814984 0.0491685
1491308390452 -0.820103 0.594407 1.53421 0.995118 -0.0255665 -0.0815847 0.0493004
1491308390496 -0.822673 0.596962 1.53453 0.995156 -0.023517 -0.0817617 0.0492664
1491308390539 -0.82299 0.599248 1.53539 0.995119 -0.0228341 -0.0821073 0.0497463
1491308390583 -0.822703 0.600874 1.53485 0.995103 -0.0221226 -0.0824287 0.049853
1491308390628 -0.824582 0.603484 1.53536 0.995084 -0.0226294 -0.0828915 0.049242
1491308390670 -0.827423 0.601288 1.53544 0.995061 -0.023609 -0.083464 0.0482809
1491308390711 -0.829691 0.599803 1.5357 0.994954 -0.0247876 -0.0847131 0.0477161
1491308390756 -0.832622 0.601778 1.5343 0.994596 -0.0266531 -0.0881527 0.0479248
1491308390799 -0.833092 0.600282 1.53387 0.994429 -0.0271288 -0.0898525 0.0479703
1491308390842 -0.838039 0.600415 1.53809 0.994366 -0.027122 -0.0903654 0.0483244
1491308390888 -0.840482 0.598604 1.53578 0.994072 -0.0264436 -0.0936595 0.0484721
1491308390932 -0.838743 0.598534 1.53351 0.993816 -0.0260416 -0.0961113 0.0491435
1491308390975 -0.842462 0.594562 1.5354 0.99373 -0.0263537 -0.0967628 0.0494196
1491308391019 -0.844713 0.596097 1.53676 0.993581 -0.0264417 -0.0974618 0.0509724
1491308391063 -0.841753 0.590103 1.52977 0.993223 -0.0265732 -0.100644 0.0517014
1491308391107 -0.842143 0.592506 1.52781 0.992999 -0.0261903 -0.102258 0.0530128
1491308391151 -0.840402 0.592004 1.52454 0.992733 -0.0252363 -0.104714 0.0536567
1491308391193 -0.84266 0.592003 1.51915 0.992263 -0.0245008 -0.108374 0.05539
1491308391235 -0.845836 0.591169 1.51951 0.99207 -0.0245886 -0.109606 0.0563868
1491308391278 -0.847382 0.592162 1.51673 0.99174 -0.0242882 -0.111845 0.0578933
1491308391320 -0.847729 0.593007 1.51205 0.991301 -0.0238827 -0.115037 0.0593081
1491308391363 -0.857885 0.598806 1.51057 0.99074 -0.0225725 -0.119309 0.0607423
1491308391408 -0.862008 0.601589 1.50948 0.990417 -0.0224988 -0.121924 0.0608506
1491308391453 -0.866072 0.600437 1.50562 0.99008 -0.0225824 -0.124771 0.0605313
1491308391495 -0.87454 0.600005 1.49715 0.989239 -0.0233928 -0.130246 0.0624032
1491308391536 -0.873295 0.602343 1.4879 0.988525 -0.0236452 -0.134916 0.0637012
1491308391578 -0.878611 0.604638 1.48383 0.988127 -0.0226211 -0.137519 0.0646594
1491308391621 -0.894595 0.611906 1.48189 0.98745 -0.0210776 -0.142214 0.065377
1491308391665 -0.909544 0.615108 1.48775 0.987352 -0.0203276 -0.142887 0.0656198
1491308391707 -0.919537 0.616133 1.48471 0.987037 -0.0192564 -0.145232 0.0655376
1491308391749 -0.926193 0.617888 1.47876 0.986592 -0.0189538 -0.148328 0.0653947
1491308391791 -0.938474 0.621851 1.46491 0.985483 -0.0184804 -0.155745 0.0650102
1491308391835 -0.945069 0.62643 1.45802 0.984907 -0.0171416 -0.159545 0.064888
1491308391881 -0.953562 0.631458 1.45073 0.984554 -0.0154935 -0.162238 0.0639668
1491308391934 -0.969447 0.63844 1.43743 0.984102 -0.0123285 -0.166785 0.0597824
1491308391986 -0.978532 0.642985 1.43246 0.984015 -0.0112144 -0.168131 0.0576258
1491308392032 -0.997375 0.647179 1.42146 0.983898 -0.00994673 -0.170288 0.0533684
1491308392078 -1.00707 0.649924 1.41735 0.983859 -0.0102128 -0.171326 0.0506445
1491308392122 -1.02617 0.652357 1.40583 0.983631 -0.0116327 -0.174331 0.044089
1491308392166 -1.0351 0.658043 1.40161 0.983489 -0.0129694 -0.175371 0.0427388
1491308392208 -1.04263 0.662757 1.39526 0.98345 -0.0146853 -0.175751 0.0414954
1491308392254 -1.05196 0.666141 1.38912 0.98373 -0.0163662 -0.174557 0.0392109
1491308392299 -1.06996 0.669848 1.37768 0.984437 -0.0185927 -0.171859 0.03168
1491308392343 -1.07859 0.671001 1.37356 0.98472 -0.0194673 -0.170888 0.0272878
1491308392386 -1.08775 0.67307 1.36793 0.985039 -0.0206518 -0.169558 0.02285
1491308392429 -1.10555 0.678883 1.35995 0.985511 -0.0248572 -0.16709 0.0152254
1491308392471 -1.11348 0.683223 1.35453 0.985636 -0.0274166 -0.166183 0.0124048
1491308392514 -1.12155 0.686451 1.35216 0.985771 -0.0283822 -0.16539 0.00978078
1491308392556 -1.13689 0.693011 1.34546 0.986247 -0.0278109 -0.162892 0.00307197
1491308392604 -1.14403 0.698574 1.34142 0.986624 -0.0269942 -0.160765 0.000103161
1491308392650 -1.14914 0.701762 1.33797 0.986989 -0.025974 -0.158644 -0.00316456
1491308392694 -1.15899 0.704062 1.3273 0.987651 -0.0254683 -0.154343 -0.00868693
1491308392736 -1.16497 0.705901 1.32339 0.98793 -0.0268198 -0.152231 -0.0100679
1491308392784 -1.16931 0.706993 1.31901 0.987998 -0.028164 -0.151485 -0.010953
1491308392828 -1.18118 0.712372 1.31032 0.987941 -0.0314555 -0.151005 -0.0134575
1491308392877 -1.18678 0.719338 1.30878 0.987825 -0.0326681 -0.151459 -0.0139271
1491308392928 -1.19662 0.726163 1.30162 0.987539 -0.0318147 -0.153268 -0.0162648
1491308392975 -1.20115 0.731811 1.29884 0.987414 -0.0294588 -0.154379 -0.0176922
1491308393023 -1.20325 0.740219 1.28838 0.986994 -0.0253501 -0.157173 -0.0222971
1491308393069 -1.20476 0.743261 1.28329 0.986898 -0.0246067 -0.157504 -0.0249059
1491308393118 -1.20476 0.744525 1.27743 0.986713 -0.0248817 -0.158204 -0.0273968
1491308393161 -1.20273 0.747761 1.26355 0.986223 -0.0270241 -0.160413 -0.0300434
1491308393205 -1.20156 0.748751 1.2559 0.98598 -0.0293323 -0.161282 -0.031167
1491308393247 -1.20055 0.746915 1.24929 0.985722 -0.0322181 -0.162017 -0.0326447
1491308393292 -1.1956 0.754699 1.23472 0.985836 -0.0363829 -0.161257 -0.0282828
1491308393337 -1.1922 0.75669 1.22499 0.986255 -0.0398762 -0.158689 -0.0229939
1491308393382 -1.186 0.752052 1.21146 0.986475 -0.044087 -0.156698 -0.0191959
1491308393424 -1.17435 0.750476 1.1857 0.987149 -0.0515952 -0.150975 -0.00899623
1491308393466 -1.1679 0.745755 1.17134 0.987584 -0.0548108 -0.147178 -0.00358704
1491308393511 -1.1622 0.740075 1.15742 0.988082 -0.0578044 -0.142646 0.00197068
1491308393559 -1.14456 0.733019 1.12617 0.989089 -0.0601129 -0.133877 0.0129186
1491308393609 -1.13827 0.726198 1.11242 0.989856 -0.0578904 -0.128782 0.0157753
1491308393656 -1.14312 0.719526 1.10689 0.991268 -0.0541805 -0.118931 0.0175589
1491308393707 -1.13501 0.707629 1.08873 0.99317 -0.0446534 -0.106112 0.0189759
1491308393754 -1.12508 0.701618 1.07824 0.993686 -0.0391729 -0.103497 0.0184696
1491308393799 -1.09344 0.693749 1.0533 0.993694 -0.0314322 -0.106 0.0186633
1491308393846 -1.07962 0.690137 1.03978 0.993567 -0.0287466 -0.107733 0.0197863
1491308393893 -1.06312 0.685123 1.02128 0.993591 -0.0242893 -0.10809 0.0224362
1491308393939 -1.05411 0.682317 1.01061 0.993503 -0.0238628 -0.108724 0.0236976
1491308393983 -1.04664 0.682678 1.00212 0.993436 -0.0232928 -0.108847 0.026368
1491308394024 -1.02889 0.673321 0.983418 0.993303 -0.0223216 -0.107867 0.0348581
1491308394066 -1.02096 0.66866 0.977309 0.993386 -0.0214175 -0.106429 0.0373845
1491308394111 -1.01183 0.665045 0.969254 0.993477 -0.0199006 -0.105145 0.039403
1491308394161 -0.988845 0.654327 0.961779 0.993751 -0.0156054 -0.101181 0.0444745
1491308394220 -0.976271 0.650872 0.959616 0.993753 -0.0135806 -0.0994358 0.0488225
1491308394262 -0.974027 0.637431 0.94716 0.994237 -0.0104759 -0.0902417 0.0569233
1491308394303 -0.978447 0.636274 0.938377 0.994367 -0.00923491 -0.0850816 0.0625367
1491308394344 -0.974776 0.631902 0.934406 0.994337 -0.00931539 -0.0819681 0.0669882
1491308394385 -0.952926 0.63029 0.930856 0.993941 -0.00938442 -0.0829796 0.0714716
1491308394425 -0.96114 0.624493 0.91417 0.994141 -0.00785081 -0.0737692 0.0786113
1491308394465 -0.974666 0.619207 0.910843 0.994419 -0.00504619 -0.0665768 0.0816909
1491308394505 -0.993571 0.617379 0.910427 0.99466 -0.00185434 -0.0588687 0.084752
1491308394545 -0.997007 0.612578 0.909284 0.994888 0.00154079 -0.0525451 0.0862265
1491308394586 -1.00197 0.609038 0.907363 0.995053 0.00414084 -0.0464328 0.0877253
1491308394627 -1.01111 0.602736 0.901034 0.995161 0.00625931 -0.033497 0.0921573
1491308394666 -1.00746 0.600395 0.894973 0.995057 0.00658236 -0.0293335 0.0946461
1491308394706 -1.0034 0.59676 0.89113 0.994946 0.00601244 -0.0262788 0.0967233
1491308394747 -1.01571 0.593608 0.888338 0.994849 0.00422337 -0.0187712 0.0995228
1491308394788 -1.01737 0.591086 0.88411 0.994681 0.00181383 -0.0131743 0.102145
1491308394828 -1.01862 0.587797 0.874135 0.994169 -0.00234027 -0.00294256 0.107764
1491308394868 -1.02896 0.583933 0.873561 0.993882 -0.00422219 0.00535431 0.110234
1491308394909 -1.02869 0.58022 0.869487 0.993478 -0.00538004 0.0114323 0.113321
1491308394949 -1.02896 0.574508 0.866638 0.993016 -0.00628765 0.0173361 0.116532
1491308394989 -1.0418 0.571291 0.857187 0.992291 -0.00669147 0.0275795 0.120634
1491308395030 -1.03491 0.577178 0.859146 0.991148 -0.00678063 0.0377677 0.127099
1491308395070 -1.04356 0.575668 0.85302 0.990746 -0.0076165 0.0449425 0.127847
1491308395111 -1.05187 0.572968 0.852699 0.990336 -0.00892685 0.0514095 0.128497
1491308395152 -1.04502 0.568912 0.851904 0.989988 -0.0105664 0.0539611 0.129999
1491308395197 -1.05728 0.555872 0.846271 0.988337 -0.0152735 0.0642521 0.137216
1491308395238 -1.05871 0.544756 0.84799 0.987241 -0.0174014 0.068718 0.142581
1491308395278 -1.0428 0.537023 0.854606 0.985796 -0.0185553 0.0705175 0.151295
1491308395320 -1.0197 0.535698 0.862763 0.984107 -0.0189417 0.0721548 0.161144
1491308395363 -0.983621 0.536961 0.876209 0.981361 -0.0169178 0.0736969 0.176672
1491308395412 -0.972906 0.535121 0.879637 0.980581 -0.016206 0.0746768 0.180615
1491308395454 -0.955789 0.53267 0.881481 0.980002 -0.0157563 0.0745409 0.183826
1491308395494 -0.93712 0.529446 0.883132 0.978698 -0.0174334 0.0764273 0.189748
1491308395538 -0.925154 0.528079 0.885614 0.978305 -0.0190115 0.076036 0.191773
1491308395592 -0.913092 0.523018 0.87748 0.977544 -0.0238521 0.0770231 0.194694
1491308395640 -0.903198 0.520865 0.877136 0.977032 -0.0258319 0.0781216 0.196566
1491308395681 -0.887074 0.51871 0.875513 0.976648 -0.0268341 0.0776841 0.198502
1491308395721 -0.876812 0.515813 0.872769 0.976174 -0.0281185 0.0777328 0.200628
1491308395761 -0.861727 0.51321 0.864135 0.975142 -0.0306387 0.0782064 0.205042
1491308395803 -0.854107 0.510075 0.860831 0.974927 -0.0311478 0.078132 0.206015
1491308395845 -0.852008 0.50747 0.851335 0.974421 -0.0316701 0.0800865 0.207574
1491308395895 -0.851875 0.505726 0.832734 0.972873 -0.0328066 0.0860774 0.212211
1491308395937 -0.861738 0.508177 0.818491 0.972088 -0.0332708 0.0899445 0.214121
1491308395986 -0.854238 0.509886 0.809736 0.971932 -0.0329376 0.090224 0.214761
1491308396034 -0.851009 0.512083 0.788081 0.971807 -0.0339625 0.0936288 0.21371
1491308396076 -0.84287 0.511238 0.777936 0.971983 -0.0340393 0.0933636 0.213011
1491308396116 -0.838541 0.511131 0.77212 0.971834 -0.0345139 0.0947543 0.213002
1491308396156 -0.83043 0.512118 0.764443 0.971595 -0.0348972 0.0959386 0.2135
1491308396200 -0.817751 0.515507 0.747877 0.971142 -0.0338823 0.0985587 0.214527
1491308396241 -0.814983 0.515869 0.73849 0.970902 -0.0329499 0.101416 0.214427
1491308396281 -0.806653 0.516086 0.731594 0.970755 -0.0312878 0.10294 0.214614
1491308396327 -0.813317 0.513694 0.710634 0.969311 -0.0299947 0.113039 0.216236
1491308396369 -0.816891 0.513622 0.700252 0.968231 -0.0290699 0.119109 0.217939
1491308396411 -0.818375 0.510975 0.691542 0.967155 -0.0278209 0.125613 0.219224
1491308396452 -0.820261 0.50839 0.683948 0.965917 -0.026432 0.131629 0.221312
1491308396494 -0.817471 0.507599 0.666221 0.962687 -0.0243271 0.143263 0.228292
1491308396534 -0.820635 0.507448 0.660803 0.960883 -0.0248222 0.150555 0.231128
1491308396575 -0.809003 0.508337 0.654639 0.959637 -0.0247104 0.154672 0.233588
1491308396622 -0.807029 0.505877 0.649898 0.958216 -0.0254541 0.160862 0.235156
1491308396671 -0.81184 0.502106 0.634754 0.954003 -0.0274621 0.176375 0.240864
1491308396717 -0.808928 0.501999 0.629176 0.951813 -0.0275005 0.183893 0.243885
1491308396758 -0.814724 0.501431 0.617628 0.949439 -0.0277907 0.19291 0.246129
1491308396799 -0.824597 0.503551 0.598776 0.944755 -0.0279372 0.210225 0.249926
1491308396842 -0.826222 0.506932 0.591454 0.942873 -0.0278866 0.217846 0.25051
1491308396882 -0.828182 0.51095 0.583414 0.941512 -0.0285054 0.225135 0.249111
1491308396923 -0.835231 0.511394 0.574623 0.940615 -0.0303829 0.232559 0.24543
1491308396969 -0.846156 0.512715 0.554789 0.937165 -0.0383891 0.251355 0.23889
1491308397010 -0.85264 0.513364 0.545459 0.935336 -0.0430404 0.260895 0.235005
1491308397050 -0.858437 0.514861 0.534051 0.933572 -0.0473173 0.269698 0.231232
1491308397090 -0.862214 0.515096 0.525719 0.932215 -0.0512605 0.277168 0.226992
1491308397133 -0.863926 0.51639 0.511793 0.928466 -0.0607991 0.293889 0.218826
1491308397178 -0.861534 0.516563 0.506947 0.926407 -0.0653533 0.301952 0.215229
1491308397222 -0.867339 0.518133 0.497794 0.92358 -0.069246 0.311424 0.212653
1491308397261 -0.87839 0.519949 0.481002 0.918217 -0.0745202 0.329195 0.207257
1491308397303 -0.877547 0.520722 0.477109 0.916125 -0.0760292 0.336099 0.204869
1491308397343 -0.868433 0.522543 0.478823 0.914463 -0.0768406 0.34148 0.203087
1491308397383 -0.858213 0.524551 0.47734 0.913042 -0.0775823 0.346177 0.201239
1491308397425 -0.846695 0.526561 0.482605 0.912215 -0.0787114 0.349226 0.199272
1491308397467 -0.816687 0.530014 0.494539 0.910095 -0.0814674 0.356307 0.195284
1491308397513 -0.773614 0.536729 0.512265 0.910907 -0.0807145 0.354434 0.195219
1491308397563 -0.722092 0.544736 0.528008 0.910652 -0.0793626 0.3577 0.190961
1491308397606 -0.684318 0.549405 0.540955 0.911231 -0.0780048 0.357664 0.18881
1491308397650 -0.643498 0.556755 0.556807 0.912602 -0.0759639 0.355639 0.186836
1491308397692 -0.614927 0.559873 0.56675 0.913356 -0.0743067 0.355798 0.183484
1491308397738 -0.555929 0.563121 0.593238 0.915933 -0.0702297 0.351847 0.179826
1491308397787 -0.535235 0.563077 0.602377 0.916567 -0.068349 0.350771 0.179422
1491308397828 -0.497677 0.567839 0.612596 0.916827 -0.0650779 0.350571 0.179703
1491308397869 -0.480197 0.569817 0.614534 0.916942 -0.0630632 0.350807 0.17937
1491308397912 -0.461558 0.571006 0.618548 0.917276 -0.0614111 0.350744 0.178361
1491308397953 -0.448333 0.572144 0.618489 0.916988 -0.0604256 0.352099 0.177505
1491308397998 -0.423474 0.575184 0.614469 0.915951 -0.0597165 0.355358 0.176601
1491308398045 -0.410175 0.581029 0.614324 0.915666 -0.0599928 0.356276 0.176137
1491308398092 -0.398045 0.58651 0.612595 0.915455 -0.0602829 0.357806 0.17402
1491308398143 -0.370881 0.591124 0.606049 0.916471 -0.0603579 0.358703 0.166641
1491308398183 -0.357684 0.592016 0.603219 0.916874 -0.062237 0.359104 0.16283
1491308398222 -0.349205 0.591346 0.596225 0.916449 -0.0651303 0.361151 0.159526
1491308398264 -0.338677 0.582572 0.580666 0.91453 -0.071204 0.366036 0.156788
1491308398306 -0.33699 0.578781 0.570745 0.912777 -0.0735868 0.368967 0.159016
1491308398347 -0.336086 0.57878 0.562331 0.910626 -0.0752762 0.37224 0.162885
1491308398387 -0.333261 0.576705 0.554585 0.908821 -0.0748962 0.374972 0.166824
1491308398430 -0.329951 0.569821 0.541855 0.904803 -0.0717696 0.380762 0.176637
1491308398472 -0.328198 0.567691 0.534964 0.902229 -0.0701064 0.384488 0.182311
1491308398513 -0.324981 0.562999 0.53118 0.899824 -0.0685371 0.387924 0.187442
1491308398555 -0.32398 0.558364 0.526694 0.897104 -0.0674775 0.391582 0.193168
1491308398597 -0.320436 0.559512 0.519864 0.891381 -0.0699527 0.398759 0.203811
1491308398639 -0.318473 0.561635 0.517507 0.888573 -0.0720583 0.40332 0.206347
1491308398680 -0.312761 0.566402 0.518621 0.886704 -0.0731231 0.406493 0.207779
1491308398721 -0.30638 0.571502 0.518871 0.885471 -0.0734015 0.409453 0.207126
1491308398769 -0.291638 0.576059 0.520027 0.884316 -0.0702628 0.414875 0.202304
1491308398811 -0.283004 0.577015 0.522324 0.882994 -0.0678544 0.418636 0.201148
1491308398852 -0.27948 0.57853 0.523008 0.880863 -0.0655256 0.423856 0.200333
1491308398893 -0.275514 0.579571 0.520855 0.878294 -0.0628898 0.429997 0.199364
1491308398934 -0.276958 0.581851 0.513556 0.871705 -0.058198 0.444456 0.197995
1491308398981 -0.275225 0.584299 0.508899 0.868739 -0.0560353 0.451265 0.196247
1491308399021 -0.274978 0.586101 0.501059 0.865522 -0.0543769 0.458831 0.193362
1491308399061 -0.274385 0.587218 0.495563 0.862612 -0.0532683 0.465527 0.190651
1491308399101 -0.275102 0.589801 0.482303 0.856564 -0.0544415 0.477857 0.187046
1491308399143 -0.277244 0.591052 0.473843 0.853165 -0.0562356 0.484545 0.184834
1491308399186 -0.280329 0.592295 0.466481 0.850536 -0.0583937 0.489894 0.182158
1491308399226 -0.28318 0.592919 0.457806 0.847915 -0.0610633 0.495208 0.179112
1491308399266 -0.290298 0.59689 0.443525 0.843937 -0.0666561 0.502915 0.174366
1491308399305 -0.293398 0.600639 0.438672 0.842264 -0.069178 0.506198 0.171959
1491308399349 -0.297547 0.602242 0.433595 0.84044 -0.0701583 0.509868 0.169626
1491308399393 -0.29974 0.605018 0.429787 0.838718 -0.0708572 0.513067 0.168208
1491308399436 -0.305343 0.612496 0.417824 0.834644 -0.070754 0.52102 0.164016
1491308399477 -0.307542 0.61444 0.414117 0.832802 -0.0698145 0.525038 0.16094
1491308399519 -0.308951 0.61603 0.409996 0.830674 -0.0697247 0.529273 0.15808
1491308399563 -0.3135 0.620372 0.399614 0.825854 -0.0714731 0.538409 0.151567
1491308399603 -0.315336 0.621038 0.396778 0.824533 -0.0712673 0.541468 0.147915
1491308399657 -0.316346 0.624635 0.391845 0.823065 -0.0717115 0.544555 0.144505
1491308399708 -0.317524 0.626341 0.386474 0.821108 -0.0704198 0.54955 0.137177
1491308399748 -0.317493 0.626291 0.382596 0.819623 -0.0696172 0.552219 0.135741
1491308399787 -0.317037 0.629256 0.380344 0.818438 -0.069038 0.55422 0.135029
1491308399826 -0.316323 0.630745 0.377819 0.817377 -0.0674074 0.556255 0.133908
1491308399865 -0.314333 0.632557 0.371262 0.815585 -0.0632087 0.559664 0.132673
1491308399904 -0.313847 0.634062 0.367037 0.815023 -0.0610318 0.560807 0.132318
1491308399947 -0.313109 0.635247 0.363238 0.814645 -0.0596253 0.561765 0.131219
1491308399989 -0.311832 0.637209 0.360572 0.814649 -0.05914 0.5622 0.129542
1491308400037 -0.3081 0.645505 0.353435 0.814644 -0.0614244 0.563153 0.124259
1491308400080 -0.305717 0.652686 0.349568 0.814643 -0.0627249 0.563994 0.119725
1491308400121 -0.301924 0.662801 0.346059 0.815469 -0.0625146 0.563991 0.11409
1491308400160 -0.29785 0.671574 0.340658 0.816723 -0.0594508 0.563489 0.109131
1491308400201 -0.288073 0.683559 0.335343 0.8195 -0.0531169 0.561521 0.101451
1491308400241 -0.282945 0.687023 0.332835 0.820618 -0.0506516 0.560599 0.0987377
1491308400284 -0.278449 0.691424 0.328914 0.821643 -0.0496878 0.559709 0.0957062
1491308400324 -0.274435 0.69424 0.324716 0.822663 -0.0474017 0.558851 0.0930828
1491308400367 -0.263334 0.704563 0.316309 0.824848 -0.0437675 0.556666 0.0885034
1491308400408 -0.257438 0.705807 0.312532 0.826124 -0.0413779 0.555369 0.085855
1491308400452 -0.252251 0.710023 0.307727 0.827082 -0.0406117 0.554453 0.0828711
1491308400493 -0.245736 0.715732 0.305439 0.828306 -0.0404035 0.553263 0.0785974
1491308400536 -0.229577 0.737284 0.300078 0.831389 -0.0402636 0.549879 0.0693136
1491308400578 -0.220879 0.746671 0.301413 0.833915 -0.0390514 0.546799 0.0638091
1491308400620 -0.212534 0.754545 0.299478 0.836051 -0.0368116 0.544253 0.058756
1491308400662 -0.20307 0.76032 0.299737 0.838524 -0.0335635 0.541113 0.0542948
1491308400702 -0.185933 0.766165 0.295553 0.841724 -0.0272951 0.537055 0.0482412
1491308400743 -0.177383 0.771556 0.292921 0.843704 -0.024186 0.534381 0.0449015
1491308400784 -0.167789 0.778931 0.293582 0.845779 -0.0216653 0.531582 0.0401196
1491308400823 -0.155469 0.785641 0.296955 0.848165 -0.0175474 0.528308 0.0346317
1491308400862 -0.144529 0.794915 0.302223 0.850606 -0.0146308 0.524793 0.0291207
1491308400903 -0.124982 0.802485 0.314293 0.855066 -0.0115664 0.518021 0.0195816
1491308400944 -0.11578 0.804164 0.320218 0.857368 -0.012704 0.514268 0.0169271
1491308400987 -0.106558 0.80368 0.326365 0.859431 -0.0139013 0.510824 0.0156287
1491308401027 -0.0974762 0.800202 0.331826 0.861379 -0.0149399 0.507508 0.0154613
1491308401071 -0.0706082 0.799844 0.361517 0.865273 -0.0155824 0.500688 0.0192882
1491308401112 -0.0594591 0.799629 0.37272 0.866972 -0.0172693 0.497662 0.0198663
1491308401153 -0.0492556 0.799541 0.382248 0.868744 -0.0185102 0.494476 0.02084
1491308401194 -0.0388147 0.800716 0.391186 0.870189 -0.0201388 0.491871 0.0207101
1491308401239 -0.0257833 0.797764 0.393158 0.871626 -0.0197664 0.48921 0.0234873
1491308401279 -0.0186891 0.796006 0.39572 0.872504 -0.018815 0.487587 0.0253461
1491308401320 -0.0130511 0.79173 0.394832 0.873142 -0.0184809 0.486344 0.0273923
1491308401363 -0.00795333 0.787983 0.39219 0.873677 -0.0177781 0.485234 0.0303329
1491308401405 0.00105529 0.782428 0.383094 0.875397 -0.0160601 0.481685 0.0374376
1491308401446 0.00789938 0.780869 0.382568 0.877088 -0.0168818 0.47834 0.0402829
1491308401487 0.0138272 0.778319 0.380383 0.878952 -0.0171547 0.474586 0.0437787
1491308401528 0.0181895 0.775142 0.376231 0.880516 -0.0182758 0.471414 0.0461082
1491308401569 0.0276977 0.768742 0.366591 0.884033 -0.0207337 0.464265 0.0501318
1491308401609 0.0348821 0.768164 0.362474 0.886223 -0.0219341 0.459853 0.0515953
1491308401651 0.0406163 0.769273 0.357863 0.888011 -0.0226727 0.4562 0.0529504
1491308401691 0.0475081 0.769715 0.350507 0.890032 -0.0217283 0.452175 0.053928
1491308401731 0.0592669 0.772506 0.335301 0.893762 -0.0205026 0.444811 0.0539649
1491308401770 0.0675805 0.763962 0.330574 0.896319 -0.0208328 0.439886 0.0517496
1491308401812 0.0733926 0.758573 0.323788 0.898147 -0.0219169 0.436031 0.0522287
1491308401855 0.0786768 0.759175 0.315609 0.899544 -0.0223806 0.433161 0.0518804
1491308401918 0.0907767 0.759333 0.299996 0.903964 -0.0193518 0.424156 0.0506623
1491308401962 0.0991187 0.749256 0.295142 0.906956 -0.0192573 0.417831 0.0497739
1491308402004 0.111323 0.734128 0.283024 0.911089 -0.021773 0.408016 0.0544558
1491308402046 0.118051 0.731485 0.276897 0.91318 -0.0238627 0.402808 0.0572578
1491308402088 0.123205 0.725735 0.26983 0.91526 -0.0243474 0.397583 0.0602758
1491308402130 0.128231 0.720432 0.263154 0.917494 -0.0243858 0.391853 0.0637263
1491308402172 0.136413 0.716155 0.24986 0.921717 -0.0263799 0.380741 0.0691288
1491308402214 0.140744 0.717639 0.242814 0.923859 -0.0267326 0.374869 0.0724082
1491308402253 0.14266 0.715003 0.235266 0.925785 -0.0278202 0.369746 0.0737283
1491308402295 0.145198 0.712769 0.229328 0.92761 -0.0292158 0.364634 0.0756851
1491308402334 0.147974 0.707993 0.216742 0.930435 -0.0305147 0.356252 0.0802744
1491308402373 0.150224 0.708902 0.210248 0.931963 -0.0304588 0.351674 0.0827248
1491308402411 0.153166 0.704307 0.205286 0.933656 -0.0312098 0.346877 0.0836004
1491308402450 0.153513 0.699013 0.200384 0.935024 -0.0306336 0.342813 0.0852634
1491308402490 0.156178 0.699674 0.195341 0.93642 -0.0294126 0.338376 0.0880527
1491308402531 0.159193 0.698362 0.190535 0.937919 -0.0267167 0.333751 0.0905752
1491308402571 0.164284 0.689446 0.180584 0.940948 -0.0195857 0.32483 0.0933795
1491308402615 0.167918 0.684881 0.177638 0.942105 -0.0163354 0.320937 0.0957667
1491308402659 0.17079 0.680237 0.173625 0.943028 -0.0148094 0.317415 0.0986272
1491308402700 0.171296 0.66462 0.163759 0.944176 -0.0158029 0.312216 0.103943
1491308402741 0.174326 0.666653 0.158996 0.945146 -0.0154936 0.307829 0.108172
1491308402788 0.177165 0.663727 0.154109 0.946567 -0.0154212 0.302743 0.110089
1491308402833 0.183124 0.652125 0.147299 0.949252 -0.0135427 0.292881 0.113831
1491308402874 0.186617 0.653752 0.140442 0.950587 -0.0110374 0.287104 0.117618
1491308402915 0.189517 0.650941 0.13396 0.952321 -0.00991943 0.280834 0.118824
1491308402955 0.193907 0.649145 0.127741 0.954487 -0.00951729 0.273123 0.119451
1491308402999 0.201591 0.628894 0.114333 0.959358 -0.0151176 0.257641 0.114129
1491308403040 0.208103 0.632801 0.108252 0.961219 -0.0172649 0.249298 0.116668
1491308403081 0.214496 0.632619 0.103253 0.963114 -0.0214304 0.241534 0.116676
1491308403120 0.221645 0.634786 0.0974331 0.964981 -0.0239511 0.233304 0.117506
1491308403159 0.225931 0.641931 0.090765 0.966335 -0.0243922 0.226223 0.120101
1491308403199 0.239556 0.641686 0.0801491 0.969977 -0.0247495 0.211156 0.118087
1491308403240 0.245516 0.645439 0.0731729 0.971363 -0.0230443 0.204534 0.118699
1491308403286 0.252336 0.647091 0.0672245 0.972735 -0.0213056 0.198001 0.11886
1491308403327 0.260203 0.647853 0.0628912 0.974145 -0.0191502 0.191133 0.118924
1491308403367 0.274437 0.642429 0.052862 0.976576 -0.0154627 0.180106 0.116716
1491308403407 0.284535 0.645048 0.0474114 0.977618 -0.0132804 0.173983 0.117546
1491308403446 0.293161 0.644716 0.0431195 0.978624 -0.0117804 0.168494 0.11733
1491308403486 0.302471 0.644631 0.0389894 0.979602 -0.00986165 0.162946 0.11718
1491308403528 0.312585 0.641295 0.0345647 0.980628 -0.00890883 0.157971 0.115473
1491308403568 0.332036 0.634766 0.0268077 0.982598 -0.00639215 0.147952 0.112117
1491308403608 0.342884 0.630838 0.0241494 0.983624 -0.00440156 0.14166 0.111342
1491308403648 0.350617 0.631108 0.0196487 0.984158 -0.00127248 0.136743 0.112841
1491308403688 0.357885 0.631707 0.0151203 0.984612 0.00130353 0.132147 0.114343
1491308403728 0.365434 0.633098 0.0117563 0.985098 0.00363052 0.127449 0.115439
1491308403768 0.376826 0.632441 0.00382788 0.986115 0.00537448 0.119272 0.115427
1491308403808 0.380616 0.633932 9.55656e-05 0.986443 0.00707966 0.11552 0.116343
1491308403855 0.382277 0.636526 -0.00377077 0.986669 0.00998887 0.111744 0.117891
1491308403898 0.384268 0.635713 -0.00695404 0.9871 0.0119869 0.107632 0.11792
1491308403938 0.388888 0.635206 -0.0131395 0.987824 0.0141941 0.0984321 0.119638
1491308403978 0.391244 0.634263 -0.0160857 0.988144 0.0131882 0.0941045 0.120587
1491308404019 0.392315 0.633867 -0.019103 0.98842 0.012066 0.0900247 0.121557
1491308404059 0.394053 0.632263 -0.0222235 0.988754 0.0113629 0.0855347 0.122146
1491308404099 0.39653 0.630971 -0.0254947 0.988973 0.0110025 0.0815291 0.123142
1491308404139 0.403165 0.627451 -0.0325981 0.98907 0.0116988 0.0752538 0.126255
1491308404181 0.407069 0.623173 -0.0360116 0.989019 0.0114956 0.0734037 0.127756
1491308404221 0.41005 0.620334 -0.0403226 0.988917 0.0118257 0.0715608 0.129546
1491308404264 0.411859 0.61902 -0.0452842 0.988771 0.0120295 0.0697383 0.13162
1491308404307 0.413224 0.616129 -0.0557098 0.988756 0.0116292 0.0649532 0.134191
1491308404350 0.413369 0.617167 -0.0619481 0.988737 0.01196 0.0623665 0.135522
1491308404392 0.414574 0.619717 -0.0690494 0.988741 0.0129294 0.0594898 0.136695
1491308404432 0.416127 0.616789 -0.0749232 0.988957 0.0135186 0.0575542 0.135901
1491308404478 0.419553 0.615954 -0.0886041 0.989048 0.0160805 0.0541081 0.136371
1491308404520 0.420218 0.618275 -0.0958343 0.989003 0.0174759 0.0531732 0.136895
1491308404560 0.420315 0.620973 -0.103011 0.989127 0.0183043 0.0514794 0.136539
1491308404602 0.420264 0.629767 -0.116721 0.989437 0.0182426 0.0455314 0.13641
1491308404645 0.420437 0.634983 -0.123563 0.989706 0.0187179 0.0417251 0.135613
1491308404686 0.419766 0.639311 -0.129926 0.990075 0.0192063 0.0387992 0.133705
1491308404726 0.419821 0.6417 -0.135586 0.99068 0.0188889 0.036054 0.129985
1491308404768 0.421007 0.647479 -0.147029 0.991469 0.018418 0.0319405 0.125016
1491308404811 0.422353 0.646124 -0.151936 0.992017 0.017788 0.0294513 0.121318
1491308404852 0.423189 0.647744 -0.157431 0.992156 0.0182982 0.0272991 0.120608
1491308404893 0.425744 0.647795 -0.162976 0.992341 0.0190271 0.0248051 0.119512
1491308404934 0.427104 0.654924 -0.174978 0.992511 0.0228972 0.0214855 0.118055
1491308404975 0.427273 0.657577 -0.180634 0.992755 0.0248721 0.0188578 0.116034
1491308405016 0.429697 0.658536 -0.186628 0.993027 0.0260482 0.0152856 0.113957
1491308405060 0.43035 0.656993 -0.19201 0.993306 0.0264762 0.0114593 0.111853
1491308405099 0.432198 0.656457 -0.197813 0.993449 0.0266826 0.00597067 0.110959
1491308405137 0.439471 0.653327 -0.209513 0.993677 0.0244593 -0.00525077 0.109452
1491308405177 0.441396 0.652693 -0.215979 0.993693 0.0239645 -0.0099623 0.109086
1491308405216 0.445506 0.649405 -0.221717 0.993707 0.022603 -0.015118 0.108663
1491308405255 0.450776 0.645099 -0.227536 0.99361 0.0205867 -0.0186847 0.10939
1491308405294 0.455417 0.642156 -0.233488 0.993385 0.0192464 -0.0207147 0.111295
1491308405333 0.457946 0.641196 -0.238537 0.993105 0.0187085 -0.0226314 0.113493
1491308405374 0.464032 0.636629 -0.248378 0.992754 0.0178831 -0.0273394 0.115642
1491308405415 0.467003 0.633246 -0.25311 0.992475 0.0160807 -0.0291362 0.11784
1491308405457 0.467722 0.63042 -0.257005 0.991997 0.0150471 -0.0317216 0.121284
1491308405498 0.470111 0.629096 -0.261562 0.991358 0.0146458 -0.0359809 0.1253
1491308405540 0.472037 0.632706 -0.270661 0.990114 0.017188 -0.0440753 0.13205
1491308405580 0.473072 0.634723 -0.274366 0.98974 0.0196048 -0.0488011 0.132845
1491308405619 0.474317 0.638233 -0.279001 0.989297 0.0219288 -0.0545056 0.133564
1491308405658 0.476083 0.6383 -0.282091 0.989036 0.0227859 -0.0605802 0.132737
1491308405698 0.480162 0.638751 -0.286526 0.988512 0.0234544 -0.0675419 0.133166
1491308405739 0.48587 0.637269 -0.292139 0.987592 0.0225411 -0.0783064 0.134245
1491308405784 0.4887 0.636655 -0.294834 0.987178 0.0233932 -0.0827817 0.134461
1491308405823 0.492545 0.637847 -0.29808 0.986685 0.0255845 -0.087285 0.134834
1491308405862 0.499384 0.639827 -0.302519 0.98615 0.0284258 -0.0925294 0.134678
1491308405900 0.505912 0.641898 -0.306892 0.985613 0.0313857 -0.0975437 0.134417
1491308405949 0.517314 0.646618 -0.313752 0.984534 0.0356637 -0.106837 0.13419
1491308406000 0.524968 0.649673 -0.317479 0.983936 0.0363505 -0.111625 0.134495
1491308406039 0.540378 0.654091 -0.324108 0.98333 0.0352011 -0.118885 0.133005
1491308406076 0.547638 0.655091 -0.326622 0.983244 0.034868 -0.121237 0.131594
1491308406115 0.556084 0.657607 -0.329505 0.983047 0.0352035 -0.123559 0.130813
1491308406153 0.564416 0.658793 -0.332098 0.982906 0.0367247 -0.125585 0.129523
1491308406191 0.573279 0.660621 -0.334595 0.982606 0.0386984 -0.128284 0.12857
1491308406229 0.583078 0.661726 -0.337178 0.982265 0.0403721 -0.131227 0.12769
1491308406266 0.592045 0.662131 -0.339407 0.982013 0.0411612 -0.133315 0.127211
1491308406302 0.610296 0.664 -0.343399 0.981209 0.0421609 -0.136804 0.129368
1491308406350 0.61947 0.665107 -0.345405 0.980916 0.0427437 -0.138049 0.130076
1491308406390 0.629346 0.667676 -0.3478 0.980496 0.0445487 -0.139885 0.130671
1491308406429 0.639389 0.669058 -0.349774 0.980297 0.045774 -0.141153 0.13038
1491308406472 0.65995 0.671074 -0.353506 0.979932 0.0487185 -0.142653 0.130426
1491308406521 0.670195 0.67093 -0.354711 0.979923 0.0498328 -0.142415 0.130329
1491308406560 0.681614 0.67078 -0.356417 0.979885 0.0520385 -0.142193 0.129996
1491308406599 0.691405 0.671358 -0.357339 0.979915 0.0540895 -0.141081 0.130141
1491308406637 0.714011 0.672094 -0.360549 0.980122 0.0570609 -0.139121 0.129424
1491308406675 0.725747 0.672447 -0.362424 0.980282 0.0584543 -0.138234 0.128537
1491308406714 0.736978 0.672399 -0.363806 0.980298 0.0604751 -0.137889 0.127849
1491308406752 0.748509 0.671101 -0.36491 0.980411 0.0609955 -0.137109 0.127575
1491308406791 0.759386 0.670156 -0.366141 0.980552 0.06095 -0.135407 0.128331
1491308406829 0.768621 0.667647 -0.366286 0.980878 0.0595574 -0.133149 0.128855
1491308406878 0.786612 0.66506 -0.368163 0.980974 0.0577171 -0.130746 0.131392
1491308406921 0.794489 0.661964 -0.368938 0.98113 0.0566022 -0.128628 0.132796
1491308406961 0.800148 0.659231 -0.369328 0.981286 0.056312 -0.125592 0.134662
1491308407001 0.806861 0.658891 -0.371155 0.98116 0.0578685 -0.12365 0.136697
1491308407042 0.820636 0.659743 -0.375956 0.981479 0.0595 -0.117993 0.138693
1491308407082 0.824942 0.660987 -0.377639 0.982056 0.0587229 -0.113294 0.138863
1491308407122 0.829712 0.661794 -0.379723 0.982773 0.0565904 -0.108312 0.13865
1491308407161 0.834931 0.660943 -0.381937 0.983523 0.0534665 -0.103348 0.13836
1491308407201 0.840664 0.659509 -0.384339 0.984161 0.0499064 -0.098579 0.138634
1491308407243 0.847895 0.658223 -0.389801 0.985569 0.0408661 -0.0843475 0.140958
1491308407284 0.852858 0.659186 -0.39351 0.986235 0.0371876 -0.0760062 0.142056
1491308407324 0.857773 0.661262 -0.397556 0.986917 0.0335158 -0.066921 0.142807
1491308407363 0.859896 0.660711 -0.400491 0.987815 0.0293256 -0.0560949 0.14218
1491308407409 0.868101 0.660939 -0.407565 0.988852 0.0230673 -0.0342049 0.143074
1491308407448 0.876741 0.661261 -0.411863 0.9891 0.021528 -0.0252375 0.143462
1491308407522 0.886533 0.668681 -0.421948 0.989403 0.0188084 -0.00682409 0.143813
1491308407562 0.888474 0.672288 -0.425206 0.989756 0.0172588 0.00131168 0.141718
1491308407603 0.892819 0.673685 -0.428678 0.990386 0.01487 0.0076377 0.137317
1491308407647 0.90011 0.674305 -0.436756 0.991233 0.00646491 0.0191322 0.130572
1491308407688 0.904732 0.674908 -0.441235 0.991304 0.0018832 0.02543 0.129095
1491308407730 0.909629 0.67987 -0.445668 0.991164 -0.00143665 0.0317628 0.128778
1491308407773 0.919233 0.684219 -0.45376 0.991278 -0.00925544 0.0473945 0.122622
1491308407812 0.923428 0.686082 -0.457414 0.991062 -0.0129264 0.0562445 0.120269
1491308407854 0.929713 0.688918 -0.461245 0.990561 -0.0163303 0.0657349 0.119167
1491308407894 0.938786 0.69012 -0.464545 0.989972 -0.0198202 0.0755497 0.117709
1491308407935 0.94511 0.694541 -0.465832 0.989168 -0.0220585 0.0859039 0.116966
1491308407974 0.965302 0.70035 -0.470143 0.987437 -0.0236768 0.109139 0.111785
1491308408012 0.975501 0.701807 -0.4706 0.986381 -0.0234765 0.120631 0.109313
1491308408052 0.98566 0.703865 -0.470845 0.985042 -0.0232199 0.132555 0.107624
1491308408094 0.997942 0.704127 -0.469515 0.983584 -0.0242156 0.144031 0.105976
1491308408133 1.00499 0.707034 -0.469146 0.981685 -0.0242749 0.156461 0.105948
1491308408171 1.01614 0.708223 -0.467907 0.977969 -0.0278008 0.179378 0.103091
1491308408209 1.02144 0.708589 -0.465738 0.976231 -0.0292584 0.188952 0.102051
1491308408248 1.02239 0.705495 -0.46425 0.974161 -0.0320488 0.199665 0.100579
1491308408286 1.02172 0.701516 -0.462471 0.971918 -0.0355588 0.21014 0.0997652
1491308408324 1.02078 0.699096 -0.459674 0.969605 -0.0388022 0.21985 0.100136
1491308408363 1.01958 0.698616 -0.458346 0.967002 -0.0415122 0.229889 0.101661
1491308408404 1.02014 0.695079 -0.454277 0.964408 -0.0456367 0.239474 0.102401
1491308408443 1.02255 0.688501 -0.445405 0.958341 -0.0535664 0.259552 0.106522
1491308408481 1.02461 0.687247 -0.44083 0.95507 -0.0553699 0.269575 0.110022
1491308408520 1.02769 0.689337 -0.436538 0.952007 -0.0554891 0.27876 0.113566
1491308408559 1.03235 0.689714 -0.43139 0.949283 -0.0556911 0.287077 0.115525
1491308408599 1.03769 0.688441 -0.424166 0.946434 -0.0573802 0.295459 0.116937
1491308408637 1.04215 0.688642 -0.418319 0.943242 -0.0594804 0.304327 0.11892
1491308408676 1.04905 0.687789 -0.40746 0.936148 -0.065675 0.322895 0.122684
1491308408716 1.05228 0.689354 -0.402648 0.932431 -0.0685832 0.332062 0.124917
1491308408755 1.05686 0.690954 -0.396279 0.929267 -0.0704579 0.339807 0.126608
1491308408802 1.06025 0.690482 -0.390419 0.926097 -0.0715021 0.347641 0.127978
1491308408845 1.06836 0.690882 -0.376541 0.919952 -0.0719554 0.362124 0.13182
1491308408886 1.07063 0.689996 -0.37128 0.916789 -0.071826 0.369281 0.134051
1491308408931 1.07428 0.689551 -0.363994 0.913969 -0.0728066 0.375328 0.135976
1491308408972 1.08111 0.688914 -0.350153 0.907917 -0.0787276 0.387961 0.137751
1491308409016 1.08373 0.687631 -0.34378 0.904559 -0.0829987 0.394837 0.137797
1491308409057 1.08486 0.685877 -0.339017 0.900824 -0.086735 0.402354 0.138221
1491308409099 1.08626 0.684291 -0.333812 0.897476 -0.089334 0.408927 0.139047
1491308409138 1.08704 0.682894 -0.329391 0.893943 -0.0920311 0.415754 0.139803
1491308409178 1.0892 0.682612 -0.320062 0.886366 -0.0982095 0.42996 0.140871
1491308409217 1.09027 0.681687 -0.314681 0.882286 -0.10128 0.437677 0.140544
1491308409257 1.09223 0.68192 -0.307632 0.878265 -0.103715 0.445033 0.14085
1491308409297 1.0929 0.681113 -0.302456 0.873701 -0.106112 0.453375 0.140843
1491308409337 1.09393 0.67849 -0.296329 0.869201 -0.10846 0.461349 0.141009
1491308409377 1.0951 0.671152 -0.283754 0.859919 -0.113775 0.476533 0.143213
1491308409420 1.09392 0.666751 -0.279647 0.854544 -0.11757 0.48465 0.145076
1491308409460 1.09401 0.666955 -0.2759 0.84886 -0.121844 0.492232 0.149328
1491308409499 1.09277 0.664388 -0.270922 0.843743 -0.125656 0.499111 0.152306
1491308409550 1.09074 0.659833 -0.260939 0.833358 -0.13234 0.513141 0.157117
1491308409593 1.08867 0.656605 -0.255728 0.828232 -0.135245 0.520291 0.158235
1491308409635 1.0868 0.653814 -0.251988 0.822836 -0.138233 0.52759 0.159627
1491308409681 1.08472 0.645841 -0.238721 0.812243 -0.144769 0.541027 0.163072
1491308409737 1.08409 0.647645 -0.232809 0.806381 -0.148656 0.547893 0.165723
1491308409780 1.08185 0.6494 -0.221381 0.794565 -0.154933 0.563167 0.165847
1491308409822 1.08048 0.648329 -0.214499 0.788112 -0.158211 0.571626 0.164599
1491308409863 1.07902 0.64651 -0.20809 0.781462 -0.161406 0.58016 0.163336
1491308409907 1.0766 0.645075 -0.196054 0.767103 -0.167614 0.597072 0.164207
1491308409947 1.07564 0.644351 -0.187318 0.760486 -0.16878 0.605258 0.163823
1491308409994 1.07433 0.643352 -0.181023 0.753789 -0.168492 0.613981 0.162601
1491308410035 1.07277 0.640649 -0.175285 0.746887 -0.167918 0.622712 0.161842
1491308410075 1.07059 0.637384 -0.164333 0.731517 -0.172409 0.639412 0.162203
1491308410119 1.06905 0.638595 -0.157068 0.723999 -0.176337 0.647089 0.161266
1491308410158 1.06849 0.641038 -0.150908 0.716441 -0.179332 0.655083 0.159432
1491308410202 1.06781 0.643236 -0.145165 0.709209 -0.1805 0.663121 0.157203
1491308410242 1.06784 0.64979 -0.134225 0.695583 -0.178367 0.67917 0.151913
1491308410282 1.06673 0.651247 -0.129378 0.689424 -0.175246 0.686713 0.149696
1491308410331 1.06554 0.653131 -0.1251 0.682922 -0.173605 0.694048 0.147566
1491308410382 1.06466 0.662361 -0.115398 0.669887 -0.173775 0.707856 0.141401
1491308410421 1.06415 0.668219 -0.10828 0.664711 -0.173037 0.713779 0.136881
1491308410463 1.06366 0.672871 -0.10237 0.659336 -0.170229 0.720383 0.131708
1491308410505 1.06281 0.67752 -0.0966289 0.653969 -0.167908 0.726809 0.126013
1491308410544 1.06119 0.681493 -0.0898942 0.64034 -0.164443 0.741073 0.11719
1491308410584 1.06144 0.683392 -0.0900571 0.632188 -0.164468 0.748551 0.113838
1491308410624 1.06021 0.684697 -0.0893282 0.624649 -0.165591 0.755102 0.110517
1491308410665 1.05957 0.687862 -0.0879583 0.617198 -0.167078 0.761213 0.108199
1491308410704 1.058 0.689824 -0.0851145 0.610482 -0.167406 0.766922 0.105443
1491308410743 1.05496 0.696286 -0.0778847 0.597168 -0.170257 0.777478 0.0996579
1491308410783 1.0531 0.698898 -0.0758675 0.589607 -0.171432 0.783301 0.0970228
1491308410824 1.05049 0.700254 -0.0744448 0.582065 -0.171817 0.78912 0.094708
1491308410862 1.04748 0.700791 -0.0726037 0.574288 -0.172464 0.794921 0.0924641
1491308410901 1.04432 0.702083 -0.0706296 0.566229 -0.173695 0.800636 0.0905388
1491308410940 1.04087 0.703398 -0.0688346 0.558064 -0.174647 0.806313 0.0890094
1491308410982 1.033 0.7048 -0.0651114 0.5421 -0.174765 0.817351 0.0867314
1491308411021 1.02723 0.704322 -0.0617313 0.534434 -0.174777 0.822513 0.0854727
1491308411062 1.02186 0.704037 -0.0587545 0.526119 -0.175619 0.827817 0.0841094
1491308411103 1.01612 0.703568 -0.0559124 0.51786 -0.176384 0.83296 0.0829888
1491308411144 1.00547 0.702021 -0.0513393 0.501803 -0.177973 0.842545 0.0814717
1491308411182 0.999788 0.701073 -0.0485323 0.494466 -0.178891 0.846692 0.0813318
1491308411221 0.993434 0.70001 -0.0459311 0.487297 -0.180044 0.850629 0.0809725
1491308411259 0.987547 0.698653 -0.0439804 0.480135 -0.180744 0.854536 0.0810545
1491308411300 0.982668 0.698745 -0.0426611 0.47251 -0.183109 0.858341 0.0803495
1491308411343 0.974388 0.701044 -0.0397741 0.458292 -0.187268 0.865179 0.0797704
1491308411385 0.969238 0.701627 -0.0374316 0.451784 -0.188703 0.868344 0.0791265
1491308411425 0.963692 0.702062 -0.0346697 0.445371 -0.190653 0.871324 0.078049
1491308411466 0.95826 0.702049 -0.0324947 0.438778 -0.192665 0.874304 0.0771141
1491308411504 0.952488 0.702857 -0.0300188 0.432231 -0.195027 0.877088 0.0765292
1491308411543 0.943053 0.704144 -0.0285623 0.418655 -0.197508 0.883143 0.0760023
1491308411583 0.9375 0.703382 -0.0286722 0.412064 -0.197989 0.88619 0.075309
1491308411624 0.932141 0.702306 -0.0294781 0.40597 -0.198205 0.888941 0.075417
1491308411665 0.926008 0.701994 -0.0293671 0.400324 -0.198855 0.891341 0.0755599
1491308411706 0.920293 0.702284 -0.0290868 0.394044 -0.199996 0.893948 0.074757
1491308411748 0.909528 0.704274 -0.0273983 0.382205 -0.201345 0.898894 0.0732733
1491308411795 0.903684 0.703496 -0.0273014 0.376556 -0.201278 0.901392 0.0720136
1491308411834 0.898699 0.703406 -0.0276863 0.370747 -0.201571 0.9038 0.0711388
1491308411874 0.893654 0.703756 -0.0275797 0.365407 -0.201798 0.90596 0.0706589
1491308411913 0.882143 0.702993 -0.027533 0.35492 -0.202384 0.910181 0.0681384
1491308411953 0.877164 0.702249 -0.0285095 0.349486 -0.202619 0.912299 0.0671943
1491308411992 0.872203 0.7015 -0.0293885 0.344198 -0.202941 0.914291 0.066447
1491308412032 0.867142 0.700686 -0.0302939 0.338763 -0.203314 0.916289 0.0657022
1491308412072 0.862586 0.701214 -0.0307331 0.333594 -0.204366 0.917967 0.0654703
1491308412112 0.853431 0.701066 -0.0321088 0.323604 -0.205569 0.921277 0.0653462
1491308412151 0.848622 0.70118 -0.0330477 0.318494 -0.206153 0.922913 0.065521
1491308412192 0.843379 0.702168 -0.0332724 0.313646 -0.207097 0.924343 0.0657721
1491308412234 0.836654 0.701908 -0.0339254 0.308194 -0.207269 0.926193 0.0649757
1491308412284 0.826154 0.703603 -0.034117 0.296738 -0.209318 0.929575 0.0634345
1491308412331 0.821175 0.703834 -0.0344444 0.290722 -0.210957 0.931185 0.0622218
1491308412371 0.814275 0.702528 -0.0350394 0.28514 -0.211863 0.932741 0.0616697
1491308412409 0.802412 0.700908 -0.0368953 0.273715 -0.214642 0.935552 0.06125
1491308412448 0.796262 0.698873 -0.0383354 0.268753 -0.215211 0.936873 0.0610247
1491308412487 0.788972 0.696974 -0.0391039 0.263547 -0.21594 0.938172 0.0612102
1491308412525 0.78302 0.696171 -0.0398704 0.258226 -0.217107 0.939358 0.0615699
1491308412563 0.775351 0.694982 -0.04016 0.25311 -0.21731 0.940652 0.0623348
1491308412602 0.770052 0.694031 -0.0413759 0.247136 -0.217913 0.942104 0.0622783
1491308412641 0.764314 0.693599 -0.0425391 0.241134 -0.218612 0.943493 0.0623259
1491308412682 0.753935 0.692887 -0.0443885 0.230881 -0.220006 0.94576 0.0618788
1491308412719 0.748615 0.692332 -0.0457019 0.225895 -0.221049 0.946763 0.0612207
1491308412757 0.740879 0.692314 -0.0449553 0.221125 -0.222381 0.947646 0.0601523
1491308412795 0.73743 0.691714 -0.0466075 0.215412 -0.22329 0.948851 0.0584917
1491308412835 0.732338 0.691596 -0.0472925 0.209704 -0.224664 0.94987 0.05743
1491308412886 0.720042 0.689557 -0.048094 0.199434 -0.226519 0.951688 0.0566174
1491308412925 0.714336 0.688165 -0.0487829 0.194376 -0.227752 0.952405 0.0571968
1491308412963 0.708409 0.686645 -0.0497594 0.188052 -0.229258 0.953312 0.0572086
1491308413001 0.70254 0.685646 -0.0497567 0.181794 -0.23123 0.954059 0.0570547
1491308413040 0.695016 0.68329 -0.049876 0.176006 -0.232579 0.954872 0.0561149
1491308413079 0.68605 0.679184 -0.0521632 0.161859 -0.236598 0.956537 0.0534783
1491308413117 0.682311 0.676875 -0.0538654 0.154942 -0.238646 0.957229 0.0524671
1491308413155 0.679417 0.674945 -0.0555986 0.147958 -0.240814 0.957795 0.0523989
1491308413194 0.679425 0.673158 -0.058414 0.140179 -0.242781 0.95848 0.0521849
1491308413232 0.676895 0.671269 -0.0600333 0.133811 -0.24436 0.958985 0.0522519
1491308413271 0.674678 0.669379 -0.0622501 0.12767 -0.24555 0.959513 0.0523508
1491308413316 0.668859 0.668397 -0.0660973 0.116399 -0.248185 0.960228 0.0530845
1491308413357 0.665177 0.668235 -0.0682198 0.111061 -0.24831 0.960864 0.0524273
1491308413396 0.665766 0.669289 -0.0706715 0.105678 -0.248427 0.961443 0.0523869
1491308413435 0.66065 0.66995 -0.0720182 0.100628 -0.248101 0.962099 0.0518184
1491308413472 0.658026 0.670651 -0.0738539 0.095198 -0.247532 0.962854 0.0507596
1491308413512 0.663521 0.67052 -0.0828413 0.0815926 -0.247236 0.964323 0.0479336
1491308413559 0.67219 0.669919 -0.0890001 0.0735986 -0.24791 0.964873 0.04631
1491308413598 0.674295 0.668732 -0.0938184 0.0661097 -0.248435 0.965349 0.0448363
1491308413638 0.675786 0.667546 -0.0977482 0.0584754 -0.248842 0.965793 0.0436166
1491308413678 0.668943 0.663267 -0.102498 0.0439682 -0.250904 0.966096 0.0420938
1491308413719 0.668637 0.661859 -0.106282 0.0364787 -0.252342 0.966062 0.0414397
1491308413768 0.668172 0.661399 -0.109427 0.0290394 -0.253599 0.965994 0.041235
1491308413809 0.668717 0.660845 -0.113047 0.0215503 -0.254218 0.966061 0.0404254
1491308413850 0.659433 0.659495 -0.116597 0.0085455 -0.255365 0.966029 0.0387825
1491308413889 0.655916 0.659265 -0.118475 0.00212289 -0.255619 0.966028 0.0380121
1491308413928 0.651769 0.658821 -0.119811 -0.00386301 -0.255413 0.966106 0.037252
1491308413967 0.646481 0.657918 -0.120627 -0.00940501 -0.255002 0.966219 0.0361551
1491308414006 0.643734 0.657303 -0.123196 -0.0159522 -0.254988 0.966167 0.0353339
1491308414046 0.635694 0.655819 -0.126245 -0.0290266 -0.255707 0.965763 0.0327704
1491308414085 0.630134 0.654228 -0.127863 -0.0348727 -0.255647 0.965641 0.0310986
1491308414135 0.628103 0.653938 -0.128942 -0.0414566 -0.256217 0.965269 0.0298324
1491308414186 0.620972 0.652705 -0.13171 -0.0539513 -0.256254 0.964743 0.0263567
1491308414228 0.617393 0.652141 -0.132781 -0.0598764 -0.255856 0.964548 0.0245025
1491308414269 0.614877 0.651977 -0.133794 -0.0660399 -0.255543 0.964267 0.0229228
1491308414311 0.614185 0.652313 -0.134005 -0.0789874 -0.254708 0.963574 0.0202406
1491308414353 0.615839 0.652846 -0.132175 -0.0859073 -0.25388 0.963228 0.0189134
1491308414393 0.620081 0.653168 -0.13064 -0.0933995 -0.252957 0.962798 0.0175578
1491308414433 0.619384 0.653473 -0.130125 -0.100032 -0.252217 0.962346 0.0164407
1491308414475 0.617554 0.653951 -0.128984 -0.106468 -0.251475 0.961868 0.0153173
1491308414518 0.617415 0.65594 -0.126158 -0.120004 -0.250281 0.960617 0.0131929
1491308414560 0.610944 0.657475 -0.125984 -0.125066 -0.249458 0.96019 0.0128102
1491308414601 0.60844 0.658412 -0.124485 -0.131142 -0.248385 0.959659 0.0126521
1491308414640 0.606645 0.659646 -0.123078 -0.137723 -0.247252 0.959034 0.0123599
1491308414683 0.601946 0.660441 -0.119964 -0.150396 -0.245401 0.95761 0.0119735
1491308414725 0.599657 0.66011 -0.116738 -0.15696 -0.245137 0.956624 0.0118782
1491308414767 0.598092 0.659828 -0.113593 -0.163599 -0.245057 0.95553 0.0120553
1491308414806 0.595125 0.659901 -0.11086 -0.169965 -0.245208 0.954378 0.012167
1491308414847 0.591827 0.659427 -0.106005 -0.183408 -0.247073 0.95141 0.0116343
1491308414891 0.590021 0.661753 -0.10392 -0.189496 -0.248315 0.949894 0.0114561
1491308414933 0.587637 0.66253 -0.104949 -0.195432 -0.24845 0.948657 0.0113045
1491308414974 0.586745 0.662187 -0.103817 -0.202063 -0.248467 0.94727 0.0107138
1491308415019 0.584899 0.664358 -0.100502 -0.216618 -0.24973 0.943736 0.0086375
1491308415070 0.585594 0.665427 -0.0986998 -0.224619 -0.249921 0.941821 0.00762635
1491308415111 0.585752 0.666322 -0.0958359 -0.232502 -0.250003 0.939892 0.00666642
1491308415151 0.584512 0.666643 -0.0930973 -0.248477 -0.250198 0.935754 0.00497658
1491308415191 0.585309 0.667664 -0.0901946 -0.256798 -0.250956 0.933303 0.00455687
1491308415232 0.585014 0.667792 -0.0883045 -0.264375 -0.251429 0.931059 0.0043897
1491308415279 0.58497 0.668753 -0.0854534 -0.271631 -0.252038 0.9288 0.0049752
1491308415338 0.583984 0.672815 -0.0796903 -0.286068 -0.25254 0.924318 0.00493636
1491308415383 0.582944 0.673195 -0.076157 -0.301018 -0.251741 0.919785 0.00303583
1491308415423 0.583516 0.67389 -0.0738006 -0.308943 -0.251666 0.917179 0.00138001
1491308415464 0.58401 0.674592 -0.0707861 -0.316704 -0.251379 0.914608 6.02412e-05
1491308415505 0.584238 0.674869 -0.068214 -0.324192 -0.251054 0.912069 -0.00102312
1491308415545 0.584845 0.674935 -0.060244 -0.339904 -0.250758 0.906409 -0.00290629
1491308415586 0.585523 0.676022 -0.05515 -0.348107 -0.250589 0.903335 -0.00365608
1491308415628 0.585401 0.677474 -0.0497456 -0.355978 -0.250085 0.9004 -0.00417316
1491308415670 0.585857 0.677699 -0.0435169 -0.363543 -0.249307 0.897584 -0.00502778
1491308415712 0.586491 0.680132 -0.0363622 -0.371463 -0.249069 0.894391 -0.00668105
1491308415753 0.585164 0.689476 -0.0230609 -0.388234 -0.245161 0.888288 -0.0107153
1491308415793 0.585383 0.693019 -0.014247 -0.396446 -0.242169 0.885453 -0.0125703
1491308415835 0.58509 0.694861 -0.00988821 -0.404627 -0.239275 0.882513 -0.0139923
1491308415877 0.585738 0.697185 -0.00424513 -0.413274 -0.237001 0.879082 -0.015803
1491308415917 0.586072 0.703733 0.00935221 -0.430432 -0.232811 0.871886 -0.0184873
1491308415958 0.58663 0.707064 0.0164081 -0.439004 -0.230155 0.868284 -0.0196817
1491308415997 0.588757 0.708297 0.0278869 -0.44723 -0.227991 0.86464 -0.0200467
1491308416040 0.59075 0.710768 0.0380485 -0.455458 -0.226261 0.860777 -0.0206626
1491308416079 0.614261 0.704341 0.148922 -0.468446 -0.221212 0.855053 -0.0225512
1491308416118 0.61582 0.708464 0.169482 -0.475093 -0.219733 0.851747 -0.0230498
1491308416160 0.614455 0.713717 0.179769 -0.480937 -0.218473 0.848791 -0.0228893
1491308416200 0.612451 0.718984 0.1866 -0.48625 -0.216851 0.846188 -0.0224075
1491308416242 0.614046 0.723381 0.200659 -0.49227 -0.21472 0.843246 -0.0223988
1491308416283 0.635202 0.723454 0.30292 -0.501746 -0.209656 0.838919 -0.0225752
1491308416324 0.635263 0.725482 0.322222 -0.505675 -0.206801 0.837296 -0.0214617
1491308416364 0.635413 0.730858 0.337801 -0.509779 -0.20513 0.835232 -0.0208553
1491308416404 0.634693 0.734869 0.348627 -0.513383 -0.203465 0.833473 -0.0190532
1491308416444 0.638103 0.738721 0.368346 -0.516962 -0.201559 0.831754 -0.0175847
1491308416495 0.64836 0.739416 0.40969 -0.524271 -0.195884 0.828552 -0.0164548
1491308416543 0.657041 0.739764 0.438701 -0.528465 -0.192266 0.826714 -0.0173971
1491308416593 0.665847 0.742051 0.468557 -0.537963 -0.18603 0.821954 -0.0195069
1491308416642 0.667157 0.747204 0.475126 -0.543247 -0.183728 0.818964 -0.0205902
1491308416686 0.664997 0.756872 0.480613 -0.552923 -0.178959 0.813487 -0.0221214
1491308416729 0.664639 0.759111 0.479386 -0.557873 -0.177763 0.81036 -0.0222583
1491308416772 0.664428 0.761271 0.479615 -0.562809 -0.1774 0.807019 -0.0222434
1491308416812 0.665211 0.764842 0.480046 -0.567813 -0.177638 0.803471 -0.021619
1491308416853 0.665397 0.772332 0.478978 -0.576004 -0.179632 0.79727 -0.0177031
1491308416893 0.667631 0.773794 0.479155 -0.58078 -0.180426 0.793676 -0.0148175
1491308416933 0.668503 0.772542 0.477152 -0.585355 -0.180593 0.790318 -0.0119998
1491308416977 0.671106 0.772972 0.479322 -0.590631 -0.180907 0.786335 -0.010231
1491308417021 0.67338 0.773604 0.480818 -0.601701 -0.180546 0.778006 -0.00810997
1491308417064 0.674139 0.772145 0.480745 -0.606753 -0.180162 0.774164 -0.00785741
1491308417104 0.673467 0.769157 0.480383 -0.61135 -0.179946 0.770585 -0.00835529
1491308417153 0.671515 0.760709 0.480309 -0.619304 -0.183134 0.763419 -0.0107508
1491308417196 0.670316 0.758554 0.481258 -0.623053 -0.18708 0.759381 -0.0120541
1491308417239 0.667428 0.75706 0.480212 -0.626191 -0.190067 0.756031 -0.0132979
1491308417281 0.659219 0.751474 0.475744 -0.6316 -0.193024 0.750749 -0.0141091
1491308417322 0.656764 0.748311 0.47665 -0.635041 -0.193879 0.747586 -0.0158095
1491308417364 0.653587 0.745889 0.475952 -0.638745 -0.194184 0.744304 -0.0175882
1491308417405 0.649809 0.745625 0.476571 -0.641629 -0.194391 0.741723 -0.0192894
1491308417446 0.645644 0.741015 0.474105 -0.644066 -0.193547 0.739802 -0.020282
1491308417485 0.640548 0.73696 0.470522 -0.646162 -0.193628 0.737913 -0.0216281
1491308417541 0.632198 0.730569 0.469202 -0.651227 -0.194144 0.733173 -0.0258419
1491308417584 0.621908 0.723152 0.463337 -0.655328 -0.194719 0.729222 -0.0294188
1491308417627 0.618475 0.72221 0.466438 -0.658734 -0.195689 0.725779 -0.0319378
1491308417668 0.614364 0.721719 0.468913 -0.661671 -0.195772 0.723003 -0.0336511
1491308417714 0.610173 0.721697 0.471183 -0.66474 -0.195176 0.720304 -0.0344894
1491308417755 0.599311 0.718617 0.471594 -0.670319 -0.193061 0.715656 -0.0351489
1491308417800 0.594395 0.715735 0.473025 -0.673251 -0.191501 0.713292 -0.0357224
1491308417841 0.59135 0.714082 0.477148 -0.676663 -0.189397 0.710542 -0.0372173
1491308417884 0.578897 0.714436 0.474692 -0.679653 -0.186225 0.708432 -0.0389223
1491308417928 0.57707 0.712374 0.483853 -0.682413 -0.184424 0.706226 -0.0393169
1491308417971 0.571914 0.712658 0.48564 -0.683729 -0.183237 0.705259 -0.0393432
1491308418013 0.567379 0.712043 0.487242 -0.684723 -0.181858 0.7047 -0.0384736
1491308418054 0.557623 0.71297 0.490952 -0.685571 -0.179904 0.704521 -0.0357485
1491308418095 0.554744 0.710529 0.493395 -0.686482 -0.178246 0.704117 -0.0345186
1491308418139 0.551638 0.708093 0.496724 -0.687259 -0.176565 0.703797 -0.0342058
1491308418186 0.540985 0.708875 0.492746 -0.687743 -0.172446 0.704229 -0.0365156
1491308418234 0.537163 0.708112 0.494363 -0.689072 -0.170021 0.703454 -0.0377671
1491308418277 0.532844 0.70676 0.493462 -0.690054 -0.167536 0.703046 -0.0385157
1491308418320 0.524072 0.707777 0.492724 -0.69156 -0.165778 0.701975 -0.0386519
1491308418368 0.519479 0.70789 0.4923 -0.692417 -0.165013 0.70138 -0.0373649
1491308418408 0.515674 0.708235 0.492133 -0.693588 -0.16453 0.700373 -0.0366523
1491308418448 0.507724 0.705942 0.491504 -0.696488 -0.163678 0.697713 -0.0361928
1491308418490 0.506139 0.708305 0.499239 0.699467 0.16322 -0.694835 0.0361899
1491308418531 0.501612 0.712049 0.499517 0.701162 0.162094 -0.693456 0.0348693
1491308418571 0.497919 0.715042 0.501143 0.703577 0.160728 -0.691394 0.0334678
1491308418614 0.492813 0.718262 0.498595 0.705204 0.159722 -0.690069 0.0313176
1491308418655 0.487557 0.725329 0.507011 0.710306 0.157296 -0.685578 0.0265632
1491308418695 0.483594 0.728149 0.508913 0.711838 0.156743 -0.684239 0.0231387
1491308418738 0.479059 0.731056 0.506214 0.712716 0.155883 -0.683602 0.0206211
1491308418780 0.476063 0.730568 0.509004 0.714301 0.155607 -0.68209 0.0177177
1491308418821 0.46787 0.73589 0.509499 0.716635 0.156272 -0.679584 0.0133634
1491308418862 0.466253 0.735133 0.515833 0.718977 0.156556 -0.677088 0.010693
1491308418908 0.463082 0.737122 0.520226 0.720213 0.158058 -0.675456 0.00833939
1491308418950 0.45704 0.737958 0.525937 0.721869 0.161309 -0.67295 0.00465299
1491308418991 0.455148 0.737055 0.532201 0.723504 0.162032 -0.671024 0.00394219
1491308419033 0.452219 0.735209 0.536104 0.725233 0.16258 -0.669024 0.00328687
1491308419076 0.448961 0.735995 0.542269 0.727262 0.163215 -0.66666 0.00389613
1491308419120 0.441574 0.731686 0.545776 0.731517 0.163263 -0.661949 0.0071572
1491308419162 0.438922 0.728365 0.551774 0.734692 0.163603 -0.658298 0.0102754
1491308419203 0.435617 0.724062 0.554647 0.737634 0.164448 -0.654722 0.0138924
1491308419249 0.428792 0.715305 0.56358 0.744386 0.168046 -0.645879 0.022139
1491308419292 0.425644 0.716003 0.575405 0.749121 0.169825 -0.639755 0.0262716
1491308419332 0.420952 0.71348 0.579049 0.752643 0.170602 -0.63529 0.0288005
1491308419373 0.417354 0.710874 0.584945 0.75616 0.171227 -0.630828 0.0309736
1491308419415 0.414135 0.712068 0.592793 0.759718 0.171837 -0.62626 0.0331465
1491308419458 0.407774 0.707768 0.599891 0.765651 0.170318 -0.619282 0.0355108
1491308419499 0.403371 0.703032 0.600053 0.768167 0.169693 -0.616225 0.0372744
1491308419540 0.400661 0.699122 0.600145 0.770913 0.169736 -0.612598 0.0400771
1491308419582 0.398321 0.695364 0.608278 0.774847 0.170369 -0.607225 0.0431711
1491308419623 0.390737 0.684893 0.626441 0.782909 0.171131 -0.596196 0.0481502
1491308419665 0.388078 0.678693 0.639439 0.786997 0.171417 -0.590516 0.0504264
1491308419705 0.385002 0.673525 0.641712 0.789304 0.172396 -0.58693 0.0528472
1491308419748 0.384088 0.668918 0.647499 0.791952 0.173268 -0.582837 0.0555913
1491308419793 0.379098 0.663239 0.665373 0.797648 0.172988 -0.574446 0.0620006
1491308419834 0.377227 0.65945 0.676056 0.800395 0.172473 -0.570479 0.0646065
1491308419875 0.375428 0.6577 0.686813 0.803079 0.171333 -0.566733 0.0672589
1491308419916 0.372835 0.651354 0.688355 0.806407 0.169312 -0.562172 0.0707392
1491308419959 0.368312 0.648604 0.694853 0.808586 0.169385 -0.558741 0.0728442
1491308420002 0.366328 0.64645 0.697422 0.810391 0.169841 -0.555775 0.0743877
1491308420045 0.36307 0.644191 0.696228 0.811691 0.169662 -0.553698 0.0761008
1491308420097 0.358279 0.63955 0.69167 0.814167 0.170255 -0.549343 0.0797996
1491308420138 0.354834 0.637569 0.691245 0.815686 0.170344 -0.546669 0.0824167
1491308420179 0.354473 0.636585 0.687055 0.81673 0.170864 -0.544556 0.0849537
1491308420222 0.347702 0.636861 0.6771 0.818323 0.172265 -0.541158 0.0884382
1491308420270 0.34452 0.636155 0.672076 0.818861 0.173231 -0.539906 0.0892166
1491308420313 0.340202 0.635813 0.660285 0.818654 0.174719 -0.539686 0.0895409
1491308420354 0.336798 0.632012 0.65834 0.820325 0.17656 -0.536112 0.0920739
1491308420396 0.333994 0.632365 0.650742 0.820608 0.177366 -0.535222 0.093174
1491308420437 0.328783 0.633854 0.645246 0.821263 0.177082 -0.534113 0.094303
1491308420480 0.322587 0.63573 0.647776 0.822555 0.176602 -0.532127 0.0951563
1491308420523 0.312409 0.641281 0.630713 0.823578 0.174009 -0.531758 0.0931368
1491308420565 0.30552 0.642955 0.61916 0.823799 0.172892 -0.531948 0.0921739
1491308420606 0.300244 0.645774 0.616733 0.82534 0.171986 -0.529884 0.091965
1491308420647 0.291483 0.652943 0.600594 0.82587 0.171525 -0.529387 0.090927
1491308420690 0.275699 0.666407 0.585779 0.828573 0.168035 -0.527011 0.0865481
1491308420730 0.263899 0.672698 0.575577 0.829712 0.165791 -0.526536 0.0827673
1491308420770 0.257613 0.675476 0.571372 0.831079 0.163165 -0.525715 0.0794353
1491308420811 0.247919 0.674939 0.555114 0.83093 0.16131 -0.526957 0.0764955
1491308420856 0.234338 0.679544 0.559197 0.834064 0.158754 -0.522783 0.0763717
1491308420916 0.227176 0.684974 0.560879 0.835983 0.157892 -0.520006 0.0761339
1491308420958 0.213872 0.696282 0.555083 0.838991 0.154345 -0.516898 0.0713283
1491308420998 0.205757 0.698971 0.548453 0.840227 0.152024 -0.515916 0.0688389
1491308421041 0.196654 0.701906 0.54275 0.84142 0.150367 -0.514685 0.067086
1491308421081 0.191561 0.704225 0.533041 0.842198 0.148555 -0.514103 0.0658235
1491308421122 0.180397 0.711694 0.521104 0.844047 0.146191 -0.511987 0.0638844
1491308421169 0.176875 0.713496 0.510347 0.844275 0.14549 -0.511995 0.0624005
1491308421211 0.172354 0.712437 0.51043 0.845466 0.145067 -0.510246 0.0615766
1491308421254 0.165266 0.716857 0.502949 0.846786 0.14668 -0.50763 0.0612346
1491308421296 0.16103 0.718303 0.498241 0.847575 0.147743 -0.506072 0.0606583
1491308421338 0.155637 0.722608 0.500033 0.849082 0.149731 -0.503058 0.0597761
1491308421380 0.151849 0.72954 0.491868 0.849505 0.15187 -0.502047 0.0567965
1491308421422 0.147194 0.73266 0.474684 0.850636 0.154113 -0.500127 0.0503994
1491308421465 0.147831 0.736214 0.4692 0.851868 0.154861 -0.497842 0.0499155
1491308421505 0.145401 0.737355 0.465005 0.853125 0.154441 -0.49586 0.0494838
1491308421547 0.145639 0.73787 0.460662 0.854068 0.153781 -0.494398 0.0498968
1491308421588 0.140366 0.734867 0.460925 0.856272 0.154441 -0.490143 0.052025
1491308421630 0.139445 0.737878 0.456598 0.856681 0.156672 -0.488641 0.0527406
1491308421670 0.13689 0.738314 0.456531 0.857949 0.158347 -0.485914 0.0523206
1491308421712 0.135212 0.737554 0.453579 0.858804 0.160082 -0.483972 0.0509909
1491308421753 0.128881 0.739533 0.450204 0.861151 0.162428 -0.479201 0.0490086
1491308421794 0.129865 0.740322 0.446887 0.862355 0.162521 -0.477053 0.0484945
1491308421836 0.13067 0.739595 0.444587 0.864035 0.161692 -0.474275 0.0486083
1491308421877 0.126022 0.736544 0.442792 0.865879 0.160481 -0.471272 0.0490163
1491308421918 0.122918 0.737589 0.444219 0.867945 0.159852 -0.467486 0.0507496
1491308421959 0.109075 0.739846 0.45259 0.87291 0.155287 -0.459533 0.0523852
1491308422000 0.103255 0.737371 0.455154 0.875002 0.15238 -0.456553 0.0520668
1491308422042 0.0976696 0.736293 0.454279 0.876357 0.150625 -0.454501 0.0523349
1491308422083 0.0908178 0.734167 0.457709 0.878369 0.148647 -0.451186 0.0529443
1491308422124 0.0783614 0.735089 0.462032 0.881651 0.144519 -0.445966 0.0540492
1491308422166 0.0723207 0.734583 0.464639 0.883237 0.142297 -0.443537 0.0540222
1491308422208 0.0659533 0.734346 0.467509 0.884272 0.140436 -0.442052 0.0541428
1491308422258 0.0561059 0.733601 0.468872 0.886018 0.137587 -0.439421 0.0543238
1491308422300 0.0516398 0.732945 0.47176 0.887204 0.136645 -0.437351 0.0540459
1491308422345 0.0458789 0.733467 0.473287 0.888226 0.136517 -0.435337 0.0538459
1491308422387 0.0356462 0.733582 0.478309 0.89022 0.136105 -0.431313 0.0543343
1491308422441 0.0305385 0.733767 0.479922 0.890946 0.135749 -0.429876 0.0547154
1491308422489 0.0239177 0.737656 0.482067 0.891906 0.134334 -0.42822 0.0555439
1491308422532 0.0220274 0.738365 0.482157 0.892303 0.134068 -0.427515 0.0552482
1491308422576 0.0171308 0.736161 0.481698 0.893036 0.133257 -0.42631 0.0546681
1491308422618 0.0142523 0.734849 0.479946 0.893948 0.134152 -0.424185 0.0541027
1491308422660 0.00534234 0.733767 0.479373 0.89635 0.136979 -0.418162 0.0541745
1491308422701 -0.0010597 0.73603 0.479457 0.898122 0.137142 -0.414245 0.0544993
1491308422743 -0.0106847 0.73157 0.48113 0.900043 0.135258 -0.410696 0.0543742
1491308422789 -0.0215181 0.72244 0.478879 0.902302 0.133068 -0.40589 0.0582816
1491308422831 -0.0245895 0.720558 0.477429 0.903154 0.131961 -0.403897 0.0613686
1491308422871 -0.0282594 0.719679 0.475712 0.904055 0.130863 -0.401883 0.0636316
1491308422912 -0.0305158 0.720993 0.471801 0.904444 0.131055 -0.400674 0.0653131
1491308422971 -0.0405305 0.722975 0.464328 0.905755 0.132551 -0.397027 0.066388
1491308423024 -0.0534068 0.728374 0.455153 0.908129 0.132546 -0.391793 0.0650448
1491308423065 -0.0598827 0.731632 0.451081 0.909547 0.131554 -0.388959 0.0642534
1491308423120 -0.0711036 0.748201 0.43804 0.911392 0.131389 -0.385329 0.0602012
1491308423172 -0.0735502 0.754286 0.428789 0.911779 0.131729 -0.384913 0.0561181
1491308423215 -0.0780192 0.760775 0.421691 0.912263 0.132441 -0.384071 0.0522028
1491308423257 -0.0929942 0.774839 0.411751 0.913561 0.1318 -0.382368 0.0427701
1491308423300 -0.0974403 0.779706 0.405219 0.914011 0.130688 -0.38205 0.0392623
1491308423344 -0.105813 0.783126 0.39955 0.914549 0.129278 -0.381506 0.0366141
1491308423386 -0.110249 0.791602 0.394786 0.915239 0.128023 -0.380498 0.0341778
1491308423427 -0.115264 0.812612 0.381266 0.917575 0.123579 -0.37701 0.0254394
1491308423467 -0.12454 0.817672 0.379951 0.918897 0.123822 -0.373997 0.0205702
1491308423508 -0.126433 0.82225 0.372987 0.919053 0.124984 -0.373415 0.0167699
1491308423549 -0.131313 0.826761 0.369291 0.919201 0.126245 -0.372762 0.0134441
1491308423592 -0.137538 0.834 0.357391 0.92021 0.123753 -0.371218 0.00980282
1491308423635 -0.141625 0.837599 0.352357 0.921016 0.122108 -0.369751 0.0101423
1491308423678 -0.144251 0.841317 0.345789 0.921634 0.120269 -0.368797 0.0107172
1491308423721 -0.15706 0.853464 0.337093 0.923114 0.116426 -0.366354 0.00947751
1491308423762 -0.163443 0.861052 0.332052 0.923712 0.115323 -0.365238 0.00764599
1491308423803 -0.168368 0.866969 0.326582 0.924406 0.114306 -0.363847 0.00470008
1491308423845 -0.171486 0.873566 0.320143 0.925072 0.112852 -0.362633 0.00183739
1491308423887 -0.179915 0.875411 0.313933 0.925917 0.11081 -0.361105 -0.00117357
1491308423929 -0.190025 0.886438 0.30256 0.927404 0.109462 -0.357664 -0.00398914
1491308423971 -0.195111 0.89187 0.298357 0.928062 0.109314 -0.355964 -0.00631949
1491308424013 -0.199314 0.894999 0.293237 0.928358 0.109439 -0.355107 -0.00853624
1491308424054 -0.209293 0.897152 0.284043 0.928932 0.110096 -0.35334 -0.0107039
1491308424096 -0.214846 0.901591 0.28146 0.929623 0.109892 -0.351597 -0.0102558
1491308424139 -0.217296 0.902197 0.276035 0.929947 0.108139 -0.351291 -0.00993352
1491308424180 -0.224118 0.900955 0.273655 0.930451 0.106218 -0.350565 -0.00916675
1491308424222 -0.23501 0.899939 0.267495 0.930955 0.104901 -0.349686 -0.00627621
1491308424266 -0.23889 0.896694 0.263238 0.93106 0.105157 -0.349357 -0.00446666
1491308424310 -0.245292 0.897133 0.261912 0.931645 0.106782 -0.347321 -0.00191511
1491308424353 -0.254454 0.896595 0.261295 0.932531 0.108496 -0.344403 0.000462258
1491308424397 -0.268748 0.897721 0.259118 0.934549 0.112879 -0.337443 0.00312248
1491308424439 -0.278998 0.895421 0.259444 0.935933 0.114821 -0.332907 0.00423491
1491308424480 -0.287648 0.895884 0.260388 0.937729 0.117263 -0.326929 0.00562756
1491308424523 -0.307238 0.899934 0.261572 0.941084 0.118847 -0.316538 0.00639704
1491308424564 -0.31593 0.895623 0.261316 0.942649 0.117947 -0.312178 0.00680421
1491308424605 -0.32445 0.891616 0.261271 0.944266 0.115927 -0.307983 0.00824168
1491308424646 -0.335324 0.888549 0.261559 0.945912 0.113559 -0.303708 0.0107557
1491308424688 -0.34741 0.887405 0.262376 0.94743 0.112372 -0.299249 0.0141313
1491308424729 -0.368981 0.887771 0.2633 0.950278 0.111637 -0.290068 0.0192035
1491308424774 -0.380472 0.890298 0.26399 0.951657 0.111742 -0.285408 0.0201413
1491308424815 -0.389493 0.891238 0.263511 0.952932 0.112183 -0.280942 0.0201517
1491308424857 -0.412403 0.894708 0.263886 0.954988 0.112318 -0.27382 0.0201279
1491308424898 -0.419178 0.893451 0.263514 0.956067 0.110859 -0.270621 0.0202618
1491308424942 -0.428455 0.89345 0.263813 0.95715 0.109176 -0.267411 0.0208962
1491308424984 -0.43646 0.892879 0.263254 0.957961 0.107236 -0.265199 0.0219305
1491308425025 -0.453583 0.884861 0.264395 0.959946 0.103873 -0.259017 0.0249942
1491308425066 -0.461456 0.882525 0.264434 0.960737 0.10344 -0.256005 0.0273072
1491308425108 -0.466759 0.879646 0.263857 0.961453 0.10356 -0.252932 0.030157
1491308425149 -0.474253 0.87395 0.26362 0.96223 0.103797 -0.249528 0.0327802
1491308425194 -0.483529 0.868827 0.263685 0.963026 0.104178 -0.245844 0.0358833
1491308425251 -0.497979 0.857582 0.263186 0.964301 0.106481 -0.238422 0.0440536
1491308425293 -0.512204 0.84952 0.262071 0.965149 0.109661 -0.231513 0.053512
1491308425338 -0.516691 0.848766 0.260481 0.965188 0.111018 -0.229735 0.0575217
1491308425380 -0.520572 0.84691 0.257292 0.965103 0.111291 -0.229224 0.0603952
1491308425421 -0.524184 0.840442 0.254648 0.96514 0.110608 -0.228698 0.062984
1491308425463 -0.533465 0.83255 0.247771 0.964957 0.109954 -0.227373 0.0711957
1491308425505 -0.532299 0.831132 0.242719 0.96489 0.11027 -0.226234 0.0751396
1491308425549 -0.539455 0.829947 0.239643 0.965057 0.110878 -0.224109 0.0783981
1491308425592 -0.55069 0.828399 0.229798 0.965289 0.113008 -0.221057 0.0811193
1491308425638 -0.555317 0.825002 0.224001 0.965385 0.113288 -0.220093 0.082204
1491308425683 -0.560206 0.822626 0.217384 0.965333 0.113301 -0.21956 0.084197
1491308425726 -0.56722 0.821805 0.203505 0.965219 0.111811 -0.21931 0.0880547
1491308425772 -0.571239 0.822229 0.195478 0.965175 0.110511 -0.219727 0.0891347
1491308425814 -0.572981 0.820271 0.187112 0.965038 0.109177 -0.220796 0.0896143
1491308425857 -0.581348 0.820951 0.170608 0.964658 0.106853 -0.222209 0.0929525
1491308425899 -0.583619 0.823232 0.161902 0.964402 0.10534 -0.223654 0.0938641
1491308425939 -0.583081 0.825583 0.15261 0.964301 0.10335 -0.224744 0.0945087
1491308425981 -0.589935 0.824863 0.144577 0.964455 0.101432 -0.224952 0.0945207
1491308426025 -0.59909 0.823524 0.126172 0.964191 0.100834 -0.225759 0.0959225
1491308426068 -0.605369 0.823789 0.118656 0.963969 0.102264 -0.225459 0.0973413
1491308426110 -0.607619 0.826109 0.109594 0.963519 0.103402 -0.2263 0.098625
1491308426154 -0.609475 0.827531 0.10005 0.963188 0.103955 -0.227106 0.0994208
1491308426195 -0.614205 0.82896 0.0826241 0.962808 0.103842 -0.227551 0.102166
1491308426238 -0.62004 0.832576 0.0747929 0.962673 0.10411 -0.227521 0.103232
1491308426279 -0.622882 0.837053 0.065941 0.962466 0.104745 -0.228113 0.103206
1491308426322 -0.623548 0.83747 0.0568215 0.962239 0.10553 -0.229185 0.102142
1491308426363 -0.628889 0.830576 0.0422818 0.961743 0.10931 -0.228871 0.103534
1491308426404 -0.631226 0.82909 0.0352467 0.96097 0.11281 -0.229224 0.106147
1491308426445 -0.633683 0.826684 0.0287638 0.960093 0.116576 -0.229728 0.108891
1491308426488 -0.63553 0.824686 0.0228295 0.959067 0.120625 -0.230463 0.111926
1491308426531 -0.639298 0.820089 0.0110388 0.956817 0.126981 -0.233351 0.118
1491308426573 -0.641187 0.819874 0.00492493 0.955594 0.129216 -0.235105 0.121936
1491308426617 -0.64309 0.819489 -0.00088792 0.954452 0.131074 -0.236946 0.125293
1491308426657 -0.647917 0.820774 -0.0136514 0.95178 0.134195 -0.242754 0.131058
1491308426698 -0.648367 0.821849 -0.0208319 0.950166 0.136099 -0.246855 0.13313
1491308426746 -0.652228 0.822685 -0.0279085 0.948604 0.138023 -0.250998 0.13454
1491308426805 -0.653644 0.824175 -0.0454968 0.944701 0.142077 -0.261763 0.137236
1491308426850 -0.656299 0.825924 -0.0546193 0.942664 0.143758 -0.267455 0.13851
1491308426892 -0.662562 0.827454 -0.0723742 0.938858 0.146687 -0.278515 0.139491
1491308426932 -0.666526 0.827035 -0.0815503 0.936779 0.148237 -0.284645 0.139459
1491308426972 -0.670165 0.826987 -0.0909134 0.934368 0.150331 -0.291255 0.139738
1491308427011 -0.674612 0.829249 -0.101246 0.931593 0.151577 -0.299136 0.140272
1491308427052 -0.669994 0.832136 -0.113967 0.928453 0.152042 -0.308606 0.140074
1491308427092 -0.662556 0.834768 -0.139615 0.921446 0.149351 -0.330558 0.139147
1491308427131 -0.652891 0.839263 -0.153222 0.917713 0.147047 -0.341454 0.139962
1491308427171 -0.651388 0.842978 -0.166072 0.913328 0.144509 -0.354198 0.139617
1491308427210 -0.653509 0.844066 -0.178716 0.908267 0.142193 -0.368275 0.138584
1491308427251 -0.653437 0.846167 -0.190285 0.903253 0.140725 -0.381058 0.138293
1491308427293 -0.660705 0.851023 -0.212529 0.893076 0.139725 -0.405217 0.136718
1491308427335 -0.659382 0.851441 -0.224185 0.888033 0.140179 -0.416273 0.13588
1491308427375 -0.668125 0.855579 -0.228847 0.883954 0.140807 -0.424513 0.136332
1491308427417 -0.674312 0.860112 -0.235975 0.879967 0.141206 -0.432712 0.135937
1491308427457 -0.68101 0.864239 -0.243042 0.876325 0.140977 -0.440439 0.134884
1491308427497 -0.680804 0.871211 -0.26639 0.867882 0.139455 -0.458364 0.131288
1491308427540 -0.689174 0.878227 -0.275167 0.863328 0.140027 -0.4671 0.129902
